i t_now Tx Ty Tz u1 u2 u3 theta_x theta_y theta_z psi_1 psi_2 psi_3 dpsi_1 dpsi_2 dpsi_3 e_x e_y abort kp_x ki_x kd_x kp_y ki_y kd_y cost autotune
1 0.11023569107055664 0.0 0.0 0.0 -0.0 -0.0 -0.0 0.0 0.0 0.0 0.0 0.0 0.0 0.0 0.0 0.0 0.0 0.0 0.0 8.6 0.22 0.02 8.6 0.22 0.02 inf 0.0
2 0.12151241302490234 0.0 0.0 0.0 -0.0 -0.0 -0.0 0.0 0.0 0.0 0.0 0.0 0.0 0.0 0.0 0.0 0.0 0.0 0.0 8.6 0.22 0.02 8.6 0.22 0.02 inf 0.0
3 0.1327991485595703 0.0 0.0 0.0 -0.0 -0.0 -0.0 0.0 0.0 0.0 0.0 0.0 0.0 0.0 0.0 0.0 0.0 0.0 0.0 8.6 0.22 0.02 8.6 0.22 0.02 inf 0.0
4 0.14422178268432617 0.0 0.0 0.0 -0.0 -0.0 -0.0 0.0 0.0 0.0 0.0 0.0 0.0 0.0 0.0 0.0 0.0 0.0 0.0 8.6 0.22 0.02 8.6 0.22 0.02 inf 0.0
5 0.15625429153442383 0.0 0.0 0.0 -0.0 -0.0 -0.0 0.0 0.0 0.0 0.0 0.0 0.0 0.0 0.0 0.0 0.0 0.0 0.0 8.6 0.22 0.02 8.6 0.22 0.02 inf 0.0
6 0.1676797866821289 0.0 0.0 0.0 -0.0 -0.0 -0.0 0.0 0.0 0.0 0.0 0.0 0.0 0.0 0.0 0.0 0.0 0.0 0.0 8.6 0.22 0.02 8.6 0.22 0.02 inf 0.0
7 0.17911815643310547 0.0 0.0 0.0 -0.0 -0.0 -0.0 0.0 0.0 0.0 0.0 0.0 0.0 0.0 0.0 0.0 0.0 0.0 0.0 8.6 0.22 0.02 8.6 0.22 0.02 inf 0.0
8 0.19077181816101074 0.0 0.0 0.0 -0.0 -0.0 -0.0 0.0 0.0 0.0 0.0 0.0 0.0 0.0 0.0 0.0 0.0 0.0 0.0 8.6 0.22 0.02 8.6 0.22 0.02 inf 0.0
9 0.20222926139831543 0.0 0.0 0.0 -0.0 -0.0 -0.0 0.0 0.0 0.0 0.0 0.0 0.0 0.0 0.0 0.0 0.0 0.0 0.0 8.6 0.22 0.02 8.6 0.22 0.02 inf 0.0
10 0.21397757530212402 0.0 0.0 0.0 -0.0 -0.0 -0.0 0.0 0.0 0.0 0.0 0.0 0.0 0.0 0.0 0.0 0.0 0.0 0.0 8.6 0.22 0.02 8.6 0.22 0.02 inf 0.0
11 0.22948551177978516 0.0 0.0 0.0 -0.0 -0.0 -0.0 0.0 0.0 0.0 0.0 0.0 0.0 0.0 0.0 0.0 0.0 0.0 0.0 8.6 0.22 0.02 8.6 0.22 0.02 inf 0.0
12 0.24108123779296875 0.0 0.0 0.0 -0.0 -0.0 -0.0 0.0 0.0 0.0 0.0 0.0 0.0 0.0 0.0 0.0 0.0 0.0 0.0 8.6 0.22 0.02 8.6 0.22 0.02 inf 0.0
13 0.25255799293518066 0.0 0.0 0.0 -0.0 -0.0 -0.0 0.0 0.0 0.0 0.0 0.0 0.0 0.0 0.0 0.0 0.0 0.0 0.0 8.6 0.22 0.02 8.6 0.22 0.02 inf 0.0
14 0.26390647888183594 0.0 0.0 0.0 -0.0 -0.0 -0.0 0.0 0.0 0.0 0.0 0.0 0.0 0.0 0.0 0.0 0.0 0.0 0.0 8.6 0.22 0.02 8.6 0.22 0.02 inf 0.0
15 0.2752695083618164 0.0 0.0 0.0 -0.0 -0.0 -0.0 0.0 0.0 0.0 0.0 0.0 0.0 0.0 0.0 0.0 0.0 0.0 0.0 8.6 0.22 0.02 8.6 0.22 0.02 inf 0.0
16 0.28685545921325684 0.0 0.0 0.0 -0.0 -0.0 -0.0 0.0 0.0 0.0 0.0 0.0 0.0 0.0 0.0 0.0 0.0 0.0 0.0 8.6 0.22 0.02 8.6 0.22 0.02 inf 0.0
17 0.29817748069763184 0.0 0.0 0.0 -0.0 -0.0 -0.0 0.0 0.0 0.0 0.0 0.0 0.0 0.0 0.0 0.0 0.0 0.0 0.0 8.6 0.22 0.02 8.6 0.22 0.02 inf 0.0
18 0.30950427055358887 0.0 0.0 0.0 -0.0 -0.0 -0.0 0.0 0.0 0.0 0.0 0.0 0.0 0.0 0.0 0.0 0.0 0.0 0.0 8.6 0.22 0.02 8.6 0.22 0.02 inf 0.0
19 0.320864200592041 0.0 0.0 0.0 -0.0 -0.0 -0.0 0.0 0.0 0.0 0.0 0.0 0.0 0.0 0.0 0.0 0.0 0.0 0.0 8.6 0.22 0.02 8.6 0.22 0.02 inf 0.0
20 0.3324165344238281 0.0 0.0 0.0 -0.0 -0.0 -0.0 0.0 0.0 0.0 0.0 0.0 0.0 0.0 0.0 0.0 0.0 0.0 0.0 8.6 0.22 0.02 8.6 0.22 0.02 inf 0.0
21 0.3436923027038574 0.0 0.0 0.0 -0.0 -0.0 -0.0 0.0 0.0 0.0 0.0 0.0 0.0 0.0 0.0 0.0 0.0 0.0 0.0 8.6 0.22 0.02 8.6 0.22 0.02 inf 0.0
22 0.3549973964691162 0.0 0.0 0.0 -0.0 -0.0 -0.0 0.0 0.0 0.0 0.0 0.0 0.0 0.0 0.0 0.0 0.0 0.0 0.0 8.6 0.22 0.02 8.6 0.22 0.02 inf 0.0
23 0.36627745628356934 0.0 0.0 0.0 -0.0 -0.0 -0.0 0.0 0.0 0.0 0.0 0.0 0.0 0.0 0.0 0.0 0.0 0.0 0.0 8.6 0.22 0.02 8.6 0.22 0.02 inf 0.0
24 0.3776538372039795 0.0 0.0 0.0 -0.0 -0.0 -0.0 0.0 0.0 0.0 0.0 0.0 0.0 0.0 0.0 0.0 0.0 0.0 0.0 8.6 0.22 0.02 8.6 0.22 0.02 inf 0.0
25 0.38901209831237793 0.0 0.0 0.0 -0.0 -0.0 -0.0 0.0 0.0 0.0 0.0 0.0 0.0 0.0 0.0 0.0 0.0 0.0 0.0 8.6 0.22 0.02 8.6 0.22 0.02 inf 0.0
26 0.40036845207214355 0.0 0.0 0.0 -0.0 -0.0 -0.0 0.0 0.0 0.0 0.0 0.0 0.0 0.0 0.0 0.0 0.0 0.0 0.0 8.6 0.22 0.02 8.6 0.22 0.02 inf 0.0
27 0.4117002487182617 0.0 0.0 0.0 -0.0 -0.0 -0.0 0.0 0.0 0.0 0.0 0.0 0.0 0.0 0.0 0.0 0.0 0.0 0.0 8.6 0.22 0.02 8.6 0.22 0.02 inf 0.0
28 0.4230988025665283 0.0 0.0 0.0 -0.0 -0.0 -0.0 0.0 0.0 0.0 0.0 0.0 0.0 0.0 0.0 0.0 0.0 0.0 0.0 8.6 0.22 0.02 8.6 0.22 0.02 inf 0.0
29 0.43436670303344727 0.0 0.0 0.0 -0.0 -0.0 -0.0 0.0 0.0 0.0 0.0 0.0 0.0 0.0 0.0 0.0 0.0 0.0 0.0 8.6 0.22 0.02 8.6 0.22 0.02 inf 0.0
30 0.44563746452331543 0.0 0.0 0.0 -0.0 -0.0 -0.0 0.0 0.0 0.0 0.0 0.0 0.0 0.0 0.0 0.0 0.0 0.0 0.0 8.6 0.22 0.02 8.6 0.22 0.02 inf 0.0
31 0.45696353912353516 0.0 0.0 0.0 -0.0 -0.0 -0.0 0.0 0.0 0.0 0.0 0.0 0.0 0.0 0.0 0.0 0.0 0.0 0.0 8.6 0.22 0.02 8.6 0.22 0.02 inf 0.0
32 0.46835947036743164 0.0 0.0 0.0 -0.0 -0.0 -0.0 0.0 0.0 0.0 0.0 0.0 0.0 0.0 0.0 0.0 0.0 0.0 0.0 8.6 0.22 0.02 8.6 0.22 0.02 inf 0.0
33 0.4799213409423828 0.0 0.0 0.0 -0.0 -0.0 -0.0 0.0 0.0 0.0 0.0 0.0 0.0 0.0 0.0 0.0 0.0 0.0 0.0 8.6 0.22 0.02 8.6 0.22 0.02 inf 0.0
34 0.4918639659881592 0.0 0.0 0.0 -0.0 -0.0 -0.0 0.0 0.0 0.0 0.0 0.0 0.0 0.0 0.0 0.0 0.0 0.0 0.0 8.6 0.22 0.02 8.6 0.22 0.02 inf 0.0
35 0.5036180019378662 0.0 0.0 0.0 -0.0 -0.0 -0.0 0.0 0.0 0.0 0.0 0.0 0.0 0.0 0.0 0.0 0.0 0.0 0.0 8.6 0.22 0.02 8.6 0.22 0.02 inf 0.0
36 0.5158812999725342 0.0 0.0 0.0 -0.0 -0.0 -0.0 0.0 0.0 0.0 0.0 0.0 0.0 0.0 0.0 0.0 0.0 0.0 0.0 8.6 0.22 0.02 8.6 0.22 0.02 inf 0.0
37 0.5291609764099121 0.0 0.0 0.0 -0.0 -0.0 -0.0 0.0 0.0 0.0 0.0 0.0 0.0 0.0 0.0 0.0 0.0 0.0 0.0 8.6 0.22 0.02 8.6 0.22 0.02 inf 0.0
38 0.5413696765899658 0.0 0.0 0.0 -0.0 -0.0 -0.0 0.0 0.0 0.0 0.0 0.0 0.0 0.0 0.0 0.0 0.0 0.0 0.0 8.6 0.22 0.02 8.6 0.22 0.02 inf 0.0
39 0.5536820888519287 0.0 0.0 0.0 -0.0 -0.0 -0.0 0.0 0.0 0.0 0.0 0.0 0.0 0.0 0.0 0.0 0.0 0.0 0.0 8.6 0.22 0.02 8.6 0.22 0.02 inf 0.0
40 0.5661120414733887 0.0 0.0 0.0 -0.0 -0.0 -0.0 0.0 0.0 0.0 0.0 0.0 0.0 0.0 0.0 0.0 0.0 0.0 0.0 8.6 0.22 0.02 8.6 0.22 0.02 inf 0.0
41 0.5781059265136719 0.0 0.0 0.0 -0.0 -0.0 -0.0 0.0 0.0 0.0 0.0 0.0 0.0 0.0 0.0 0.0 0.0 0.0 0.0 8.6 0.22 0.02 8.6 0.22 0.02 inf 0.0
42 0.5899875164031982 0.0 0.0 0.0 -0.0 -0.0 -0.0 0.0 0.0 0.0 0.0 0.0 0.0 0.0 0.0 0.0 0.0 0.0 0.0 8.6 0.22 0.02 8.6 0.22 0.02 inf 0.0
43 0.6022396087646484 0.0 0.0 0.0 -0.0 -0.0 -0.0 0.0 0.0 0.0 0.0 0.0 0.0 0.0 0.0 0.0 0.0 0.0 0.0 8.6 0.22 0.02 8.6 0.22 0.02 inf 0.0
44 0.6138923168182373 0.0 0.0 0.0 -0.0 -0.0 -0.0 0.0 0.0 0.0 0.0 0.0 0.0 0.0 0.0 0.0 0.0 0.0 0.0 8.6 0.22 0.02 8.6 0.22 0.02 inf 0.0
45 0.6259629726409912 0.0 0.0 0.0 -0.0 -0.0 -0.0 0.0 0.0 0.0 0.0 0.0 0.0 0.0 0.0 0.0 0.0 0.0 0.0 8.6 0.22 0.02 8.6 0.22 0.02 inf 0.0
46 0.6387896537780762 0.0 0.0 0.0 -0.0 -0.0 -0.0 0.0 0.0 0.0 0.0 0.0 0.0 0.0 0.0 0.0 0.0 0.0 0.0 8.6 0.22 0.02 8.6 0.22 0.02 inf 0.0
47 0.6513271331787109 0.0 0.0 0.0 -0.0 -0.0 -0.0 0.0 0.0 0.0 0.0 0.0 0.0 0.0 0.0 0.0 0.0 0.0 0.0 8.6 0.22 0.02 8.6 0.22 0.02 inf 0.0
48 0.664635419845581 0.0 0.0 0.0 -0.0 -0.0 -0.0 0.0 0.0 0.0 0.0 0.0 0.0 0.0 0.0 0.0 0.0 0.0 0.0 8.6 0.22 0.02 8.6 0.22 0.02 inf 0.0
49 0.6783809661865234 0.0 0.0 0.0 -0.0 -0.0 -0.0 0.0 0.0 0.0 0.0 0.0 0.0 0.0 0.0 0.0 0.0 0.0 0.0 8.6 0.22 0.02 8.6 0.22 0.02 inf 0.0
50 0.6916875839233398 0.0 0.0 0.0 -0.0 -0.0 -0.0 0.0 0.0 0.0 0.0 0.0 0.0 0.0 0.0 0.0 0.0 0.0 0.0 8.6 0.22 0.02 8.6 0.22 0.02 inf 0.0
51 0.70566725730896 0.0 0.0 0.0 -0.0 -0.0 -0.0 0.0 0.0 0.0 0.0 0.0 0.0 0.0 0.0 0.0 0.0 0.0 0.0 8.6 0.22 0.02 8.6 0.22 0.02 inf 0.0
52 0.7189838886260986 0.0 0.0 0.0 -0.0 -0.0 -0.0 0.0 0.0 0.0 0.0 0.0 0.0 0.0 0.0 0.0 0.0 0.0 0.0 8.6 0.22 0.02 8.6 0.22 0.02 inf 0.0
53 0.7332589626312256 0.0 0.0 0.0 -0.0 -0.0 -0.0 0.0 0.0 0.0 0.0 0.0 0.0 0.0 0.0 0.0 0.0 0.0 0.0 8.6 0.22 0.02 8.6 0.22 0.02 inf 0.0
54 0.7480278015136719 0.0 0.0 0.0 -0.0 -0.0 -0.0 0.0 0.0 0.0 0.0 0.0 0.0 0.0 0.0 0.0 0.0 0.0 0.0 8.6 0.22 0.02 8.6 0.22 0.02 inf 0.0
55 0.761131763458252 0.0 0.0 0.0 -0.0 -0.0 -0.0 0.0 0.0 0.0 0.0 0.0 0.0 0.0 0.0 0.0 0.0 0.0 0.0 8.6 0.22 0.02 8.6 0.22 0.02 inf 0.0
56 0.7747538089752197 0.0 0.0 0.0 -0.0 -0.0 -0.0 0.0 0.0 0.0 0.0 0.0 0.0 0.0 0.0 0.0 0.0 0.0 0.0 8.6 0.22 0.02 8.6 0.22 0.02 inf 0.0
57 0.7873530387878418 0.0 0.0 0.0 -0.0 -0.0 -0.0 0.0 0.0 0.0 0.0 0.0 0.0 0.0 0.0 0.0 0.0 0.0 0.0 8.6 0.22 0.02 8.6 0.22 0.02 inf 0.0
58 0.8036634922027588 0.0 0.0 0.0 -0.0 -0.0 -0.0 0.0 0.0 0.0 0.0 0.0 0.0 0.0 0.0 0.0 0.0 0.0 0.0 8.6 0.22 0.02 8.6 0.22 0.02 inf 0.0
59 0.8165345191955566 0.0 0.0 0.0 -0.0 -0.0 -0.0 0.0 0.0 0.0 0.0 0.0 0.0 0.0 0.0 0.0 0.0 0.0 0.0 8.6 0.22 0.02 8.6 0.22 0.02 inf 0.0
60 0.8288919925689697 0.0 0.0 0.0 -0.0 -0.0 -0.0 0.0 0.0 0.0 0.0 0.0 0.0 0.0 0.0 0.0 0.0 0.0 0.0 8.6 0.22 0.02 8.6 0.22 0.02 inf 0.0
61 0.8410153388977051 0.0 0.0 0.0 -0.0 -0.0 -0.0 0.0 0.0 0.0 0.0 0.0 0.0 0.0 0.0 0.0 0.0 0.0 0.0 8.6 0.22 0.02 8.6 0.22 0.02 inf 0.0
62 0.853269100189209 0.0 0.0 0.0 -0.0 -0.0 -0.0 0.0 0.0 0.0 0.0 0.0 0.0 0.0 0.0 0.0 0.0 0.0 0.0 8.6 0.22 0.02 8.6 0.22 0.02 inf 0.0
63 0.8663187026977539 0.0 0.0 0.0 -0.0 -0.0 -0.0 0.0 0.0 0.0 0.0 0.0 0.0 0.0 0.0 0.0 0.0 0.0 0.0 8.6 0.22 0.02 8.6 0.22 0.02 inf 0.0
64 0.8800363540649414 0.0 0.0 0.0 -0.0 -0.0 -0.0 0.0 0.0 0.0 0.0 0.0 0.0 0.0 0.0 0.0 0.0 0.0 0.0 8.6 0.22 0.02 8.6 0.22 0.02 inf 0.0
65 0.893709659576416 0.0 0.0 0.0 -0.0 -0.0 -0.0 0.0 0.0 0.0 0.0 0.0 0.0 0.0 0.0 0.0 0.0 0.0 0.0 8.6 0.22 0.02 8.6 0.22 0.02 inf 0.0
66 0.9066853523254395 0.0 0.0 0.0 -0.0 -0.0 -0.0 0.0 0.0 0.0 0.0 0.0 0.0 0.0 0.0 0.0 0.0 0.0 0.0 8.6 0.22 0.02 8.6 0.22 0.02 inf 0.0
67 0.919288158416748 0.0 0.0 0.0 -0.0 -0.0 -0.0 0.0 0.0 0.0 0.0 0.0 0.0 0.0 0.0 0.0 0.0 0.0 0.0 8.6 0.22 0.02 8.6 0.22 0.02 inf 0.0
68 0.9320070743560791 0.0 0.0 0.0 -0.0 -0.0 -0.0 0.0 0.0 0.0 0.0 0.0 0.0 0.0 0.0 0.0 0.0 0.0 0.0 8.6 0.22 0.02 8.6 0.22 0.02 inf 0.0
69 0.9442243576049805 0.0 0.0 0.0 -0.0 -0.0 -0.0 0.0 0.0 0.0 0.0 0.0 0.0 0.0 0.0 0.0 0.0 0.0 0.0 8.6 0.22 0.02 8.6 0.22 0.02 inf 0.0
70 0.9566802978515625 0.0 0.0 0.0 -0.0 -0.0 -0.0 0.0 0.0 0.0 0.0 0.0 0.0 0.0 0.0 0.0 0.0 0.0 0.0 8.6 0.22 0.02 8.6 0.22 0.02 inf 0.0
71 0.9686102867126465 0.0 0.0 0.0 -0.0 -0.0 -0.0 0.0 0.0 0.0 0.0 0.0 0.0 0.0 0.0 0.0 0.0 0.0 0.0 8.6 0.22 0.02 8.6 0.22 0.02 inf 0.0
72 0.9810492992401123 0.0 0.0 0.0 -0.0 -0.0 -0.0 0.0 0.0 0.0 0.0 0.0 0.0 0.0 0.0 0.0 0.0 0.0 0.0 8.6 0.22 0.02 8.6 0.22 0.02 inf 0.0
73 0.993011474609375 0.0 0.0 0.0 -0.0 -0.0 -0.0 0.0 0.0 0.0 0.0 0.0 0.0 0.0 0.0 0.0 0.0 0.0 0.0 8.6 0.22 0.02 8.6 0.22 0.02 inf 0.0
74 1.0055365562438965 0.0 0.0 0.0 -0.0 -0.0 -0.0 0.0 0.0 0.0 0.0 0.0 0.0 0.0 0.0 0.0 0.0 0.0 0.0 8.6 0.22 0.02 8.6 0.22 0.02 inf 0.0
75 1.017829418182373 0.0 0.0 0.0 -0.0 -0.0 -0.0 0.0 0.0 0.0 0.0 0.0 0.0 0.0 0.0 0.0 0.0 0.0 0.0 8.6 0.22 0.02 8.6 0.22 0.02 inf 0.0
76 1.0299263000488281 0.0 0.0 0.0 -0.0 -0.0 -0.0 0.0 0.0 0.0 0.0 0.0 0.0 0.0 0.0 0.0 0.0 0.0 0.0 8.6 0.22 0.02 8.6 0.22 0.02 inf 0.0
77 1.0419304370880127 0.0 0.0 0.0 -0.0 -0.0 -0.0 0.0 0.0 0.0 0.0 0.0 0.0 0.0 0.0 0.0 0.0 0.0 0.0 8.6 0.22 0.02 8.6 0.22 0.02 inf 0.0
78 1.054091453552246 0.0 0.0 0.0 -0.0 -0.0 -0.0 0.0 0.0 0.0 0.0 0.0 0.0 0.0 0.0 0.0 0.0 0.0 0.0 8.6 0.22 0.02 8.6 0.22 0.02 inf 0.0
79 1.0654675960540771 0.0 0.0 0.0 -0.0 -0.0 -0.0 0.0 0.0 0.0 0.0 0.0 0.0 0.0 0.0 0.0 0.0 0.0 0.0 8.6 0.22 0.02 8.6 0.22 0.02 inf 0.0
80 1.0768961906433105 0.0 0.0 0.0 -0.0 -0.0 -0.0 0.0 0.0 0.0 0.0 0.0 0.0 0.0 0.0 0.0 0.0 0.0 0.0 8.6 0.22 0.02 8.6 0.22 0.02 inf 0.0
81 1.0887808799743652 0.0 0.0 0.0 -0.0 -0.0 -0.0 0.0 0.0 0.0 0.0 0.0 0.0 0.0 0.0 0.0 0.0 0.0 0.0 8.6 0.22 0.02 8.6 0.22 0.02 inf 0.0
82 1.1002867221832275 0.0 0.0 0.0 -0.0 -0.0 -0.0 0.0 0.0 0.0 0.0 0.0 0.0 0.0 0.0 0.0 0.0 0.0 0.0 8.6 0.22 0.02 8.6 0.22 0.02 inf 0.0
83 1.1116724014282227 0.0 0.0 0.0 -0.0 -0.0 -0.0 0.0 0.0 0.0 0.0 0.0 0.0 0.0 0.0 0.0 0.0 0.0 0.0 8.6 0.22 0.02 8.6 0.22 0.02 inf 0.0
84 1.1235888004302979 0.0 0.0 0.0 -0.0 -0.0 -0.0 0.0 0.0 0.0 0.0 0.0 0.0 0.0 0.0 0.0 0.0 0.0 0.0 8.6 0.22 0.02 8.6 0.22 0.02 inf 0.0
85 1.13492751121521 0.0 0.0 0.0 -0.0 -0.0 -0.0 0.0 0.0 0.0 0.0 0.0 0.0 0.0 0.0 0.0 0.0 0.0 0.0 8.6 0.22 0.02 8.6 0.22 0.02 inf 0.0
86 1.1462962627410889 0.0 0.0 0.0 -0.0 -0.0 -0.0 0.0 0.0 0.0 0.0 0.0 0.0 0.0 0.0 0.0 0.0 0.0 0.0 8.6 0.22 0.02 8.6 0.22 0.02 inf 0.0
87 1.1578946113586426 0.0 0.0 0.0 -0.0 -0.0 -0.0 0.0 0.0 0.0 0.0 0.0 0.0 0.0 0.0 0.0 0.0 0.0 0.0 8.6 0.22 0.02 8.6 0.22 0.02 inf 0.0
88 1.1695518493652344 0.0 0.0 0.0 -0.0 -0.0 -0.0 0.0 0.0 0.0 0.0 0.0 0.0 0.0 0.0 0.0 0.0 0.0 0.0 8.6 0.22 0.02 8.6 0.22 0.02 inf 0.0
89 1.1809251308441162 0.0 0.0 0.0 -0.0 -0.0 -0.0 0.0 0.0 0.0 0.0 0.0 0.0 0.0 0.0 0.0 0.0 0.0 0.0 8.6 0.22 0.02 8.6 0.22 0.02 inf 0.0
90 1.1924362182617188 0.0 0.0 0.0 -0.0 -0.0 -0.0 0.0 0.0 0.0 0.0 0.0 0.0 0.0 0.0 0.0 0.0 0.0 0.0 8.6 0.22 0.02 8.6 0.22 0.02 inf 0.0
91 1.2045855522155762 0.0 0.0 0.0 -0.0 -0.0 -0.0 0.0 0.0 0.0 0.0 0.0 0.0 0.0 0.0 0.0 0.0 0.0 0.0 8.6 0.22 0.02 8.6 0.22 0.02 inf 0.0
92 1.217327356338501 0.0 0.0 0.0 -0.0 -0.0 -0.0 0.0 0.0 0.0 0.0 0.0 0.0 0.0 0.0 0.0 0.0 0.0 0.0 8.6 0.22 0.02 8.6 0.22 0.02 inf 0.0
93 1.2306735515594482 0.0 0.0 0.0 -0.0 -0.0 -0.0 0.0 0.0 0.0 0.0 0.0 0.0 0.0 0.0 0.0 0.0 0.0 0.0 8.6 0.22 0.02 8.6 0.22 0.02 inf 0.0
94 1.2433135509490967 0.0 0.0 0.0 -0.0 -0.0 -0.0 0.0 0.0 0.0 0.0 0.0 0.0 0.0 0.0 0.0 0.0 0.0 0.0 8.6 0.22 0.02 8.6 0.22 0.02 inf 0.0
95 1.2560703754425049 0.0 0.0 0.0 -0.0 -0.0 -0.0 0.0 0.0 0.0 0.0 0.0 0.0 0.0 0.0 0.0 0.0 0.0 0.0 8.6 0.22 0.02 8.6 0.22 0.02 inf 0.0
96 1.2684862613677979 0.0 0.0 0.0 -0.0 -0.0 -0.0 0.0 0.0 0.0 0.0 0.0 0.0 0.0 0.0 0.0 0.0 0.0 0.0 8.6 0.22 0.02 8.6 0.22 0.02 inf 0.0
97 1.2809762954711914 0.0 0.0 0.0 -0.0 -0.0 -0.0 0.0 0.0 0.0 0.0 0.0 0.0 0.0 0.0 0.0 0.0 0.0 0.0 8.6 0.22 0.02 8.6 0.22 0.02 inf 0.0
98 1.2932207584381104 0.0 0.0 0.0 -0.0 -0.0 -0.0 0.0 0.0 0.0 0.0 0.0 0.0 0.0 0.0 0.0 0.0 0.0 0.0 8.6 0.22 0.02 8.6 0.22 0.02 inf 0.0
99 1.3057525157928467 0.0 0.0 0.0 -0.0 -0.0 -0.0 0.0 0.0 0.0 0.0 0.0 0.0 0.0 0.0 0.0 0.0 0.0 0.0 8.6 0.22 0.02 8.6 0.22 0.02 inf 0.0
100 1.3178882598876953 0.0 0.0 0.0 -0.0 -0.0 -0.0 0.0 0.0 0.0 0.0 0.0 0.0 0.0 0.0 0.0 0.0 0.0 0.0 8.6 0.22 0.02 8.6 0.22 0.02 inf 0.0
101 1.3297197818756104 0.0 0.0 0.0 -0.0 -0.0 -0.0 0.0 0.0 0.0 0.0 0.0 0.0 0.0 0.0 0.0 0.0 0.0 0.0 8.6 0.22 0.02 8.6 0.22 0.02 inf 0.0
102 1.3418867588043213 0.0 0.0 0.0 -0.0 -0.0 -0.0 0.0 0.0 0.0 0.0 0.0 0.0 0.0 0.0 0.0 0.0 0.0 0.0 8.6 0.22 0.02 8.6 0.22 0.02 inf 0.0
103 1.3536617755889893 0.0 0.0 0.0 -0.0 -0.0 -0.0 0.0 0.0 0.0 0.0 0.0 0.0 0.0 0.0 0.0 0.0 0.0 0.0 8.6 0.22 0.02 8.6 0.22 0.02 inf 0.0
104 1.3656058311462402 0.0 0.0 0.0 -0.0 -0.0 -0.0 0.0 0.0 0.0 0.0 0.0 0.0 0.0 0.0 0.0 0.0 0.0 0.0 8.6 0.22 0.02 8.6 0.22 0.02 inf 0.0
105 1.3773787021636963 0.0 0.0 0.0 -0.0 -0.0 -0.0 0.0 0.0 0.0 0.0 0.0 0.0 0.0 0.0 0.0 0.0 0.0 0.0 8.6 0.22 0.02 8.6 0.22 0.02 inf 0.0
106 1.3897740840911865 0.0 0.0 0.0 -0.0 -0.0 -0.0 0.0 0.0 0.0 0.0 0.0 0.0 0.0 0.0 0.0 0.0 0.0 0.0 8.6 0.22 0.02 8.6 0.22 0.02 inf 0.0
107 1.4025516510009766 0.0 0.0 0.0 -0.0 -0.0 -0.0 0.0 0.0 0.0 0.0 0.0 0.0 0.0 0.0 0.0 0.0 0.0 0.0 8.6 0.22 0.02 8.6 0.22 0.02 inf 0.0
108 1.4150660037994385 0.0 0.0 0.0 -0.0 -0.0 -0.0 0.0 0.0 0.0 0.0 0.0 0.0 0.0 0.0 0.0 0.0 0.0 0.0 8.6 0.22 0.02 8.6 0.22 0.02 inf 0.0
109 1.4278550148010254 0.0 0.0 0.0 -0.0 -0.0 -0.0 0.0 0.0 0.0 0.0 0.0 0.0 0.0 0.0 0.0 0.0 0.0 0.0 8.6 0.22 0.02 8.6 0.22 0.02 inf 0.0
110 1.4405794143676758 0.0 0.0 0.0 -0.0 -0.0 -0.0 0.0 0.0 0.0 0.0 0.0 0.0 0.0 0.0 0.0 0.0 0.0 0.0 8.6 0.22 0.02 8.6 0.22 0.02 inf 0.0
111 1.4531917572021484 0.0 0.0 0.0 -0.0 -0.0 -0.0 0.0 0.0 0.0 0.0 0.0 0.0 0.0 0.0 0.0 0.0 0.0 0.0 8.6 0.22 0.02 8.6 0.22 0.02 inf 0.0
112 1.4658522605895996 0.0 0.0 0.0 -0.0 -0.0 -0.0 0.0 0.0 0.0 0.0 0.0 0.0 0.0 0.0 0.0 0.0 0.0 0.0 8.6 0.22 0.02 8.6 0.22 0.02 inf 0.0
113 1.4789519309997559 0.0 0.0 0.0 -0.0 -0.0 -0.0 0.0 0.0 0.0 0.0 0.0 0.0 0.0 0.0 0.0 0.0 0.0 0.0 8.6 0.22 0.02 8.6 0.22 0.02 inf 0.0
114 1.4915266036987305 0.0 0.0 0.0 -0.0 -0.0 -0.0 0.0 0.0 0.0 0.0 0.0 0.0 0.0 0.0 0.0 0.0 0.0 0.0 8.6 0.22 0.02 8.6 0.22 0.02 inf 0.0
115 1.5041606426239014 0.0 0.0 0.0 -0.0 -0.0 -0.0 0.0 0.0 0.0 0.0 0.0 0.0 0.0 0.0 0.0 0.0 0.0 0.0 8.6 0.22 0.02 8.6 0.22 0.02 inf 0.0
116 1.5160596370697021 0.0 0.0 0.0 -0.0 -0.0 -0.0 0.0 0.0 0.0 0.0 0.0 0.0 0.0 0.0 0.0 0.0 0.0 0.0 8.6 0.22 0.02 8.6 0.22 0.02 inf 0.0
117 1.5280001163482666 0.0 0.0 0.0 -0.0 -0.0 -0.0 0.0 0.0 0.0 0.0 0.0 0.0 0.0 0.0 0.0 0.0 0.0 0.0 8.6 0.22 0.02 8.6 0.22 0.02 inf 0.0
118 1.5395581722259521 0.0 0.0 0.0 -0.0 -0.0 -0.0 0.0 0.0 0.0 0.0 0.0 0.0 0.0 0.0 0.0 0.0 0.0 0.0 8.6 0.22 0.02 8.6 0.22 0.02 inf 0.0
119 1.5512442588806152 0.0 0.0 0.0 -0.0 -0.0 -0.0 0.0 0.0 0.0 0.0 0.0 0.0 0.0 0.0 0.0 0.0 0.0 0.0 8.6 0.22 0.02 8.6 0.22 0.02 inf 0.0
120 1.5629947185516357 0.0 0.0 0.0 -0.0 -0.0 -0.0 0.0 0.0 0.0 0.0 0.0 0.0 0.0 0.0 0.0 0.0 0.0 0.0 8.6 0.22 0.02 8.6 0.22 0.02 inf 0.0
121 1.574923038482666 0.0 0.0 0.0 -0.0 -0.0 -0.0 0.0 0.0 0.0 0.0 0.0 0.0 0.0 0.0 0.0 0.0 0.0 0.0 8.6 0.22 0.02 8.6 0.22 0.02 inf 0.0
122 1.5876202583312988 0.0 0.0 0.0 -0.0 -0.0 -0.0 0.0 0.0 0.0 0.0 0.0 0.0 0.0 0.0 0.0 0.0 0.0 0.0 8.6 0.22 0.02 8.6 0.22 0.02 inf 0.0
123 1.6015005111694336 0.0 0.0 0.0 -0.0 -0.0 -0.0 0.0 0.0 0.0 0.0 0.0 0.0 0.0 0.0 0.0 0.0 0.0 0.0 8.6 0.22 0.02 8.6 0.22 0.02 inf 0.0
124 1.6136858463287354 0.0 0.0 0.0 -0.0 -0.0 -0.0 0.0 0.0 0.0 0.0 0.0 0.0 0.0 0.0 0.0 0.0 0.0 0.0 8.6 0.22 0.02 8.6 0.22 0.02 inf 0.0
125 1.625765085220337 0.0 0.0 0.0 -0.0 -0.0 -0.0 0.0 0.0 0.0 0.0 0.0 0.0 0.0 0.0 0.0 0.0 0.0 0.0 8.6 0.22 0.02 8.6 0.22 0.02 inf 0.0
126 1.6379590034484863 0.0 0.0 0.0 -0.0 -0.0 -0.0 0.0 0.0 0.0 0.0 0.0 0.0 0.0 0.0 0.0 0.0 0.0 0.0 8.6 0.22 0.02 8.6 0.22 0.02 inf 0.0
127 1.6501057147979736 0.0 0.0 0.0 -0.0 -0.0 -0.0 0.0 0.0 0.0 0.0 0.0 0.0 0.0 0.0 0.0 0.0 0.0 0.0 8.6 0.22 0.02 8.6 0.22 0.02 inf 0.0
128 1.6614820957183838 0.0 0.0 0.0 -0.0 -0.0 -0.0 0.0 0.0 0.0 0.0 0.0 0.0 0.0 0.0 0.0 0.0 0.0 0.0 8.6 0.22 0.02 8.6 0.22 0.02 inf 0.0
129 1.6729168891906738 0.0 0.0 0.0 -0.0 -0.0 -0.0 0.0 0.0 0.0 0.0 0.0 0.0 0.0 0.0 0.0 0.0 0.0 0.0 8.6 0.22 0.02 8.6 0.22 0.02 inf 0.0
130 1.6844708919525146 0.0 0.0 0.0 -0.0 -0.0 -0.0 0.0 0.0 0.0 0.0 0.0 0.0 0.0 0.0 0.0 0.0 0.0 0.0 8.6 0.22 0.02 8.6 0.22 0.02 inf 0.0
131 1.695803165435791 0.0 0.0 0.0 -0.0 -0.0 -0.0 0.0 0.0 0.0 0.0 0.0 0.0 0.0 0.0 0.0 0.0 0.0 0.0 8.6 0.22 0.02 8.6 0.22 0.02 inf 0.0
132 1.707144021987915 0.0 0.0 0.0 -0.0 -0.0 -0.0 0.0 0.0 0.0 0.0 0.0 0.0 0.0 0.0 0.0 0.0 0.0 0.0 8.6 0.22 0.02 8.6 0.22 0.02 inf 0.0
133 1.7185308933258057 0.0 0.0 0.0 -0.0 -0.0 -0.0 0.0 0.0 0.0 0.0 0.0 0.0 0.0 0.0 0.0 0.0 0.0 0.0 8.6 0.22 0.02 8.6 0.22 0.02 inf 0.0
134 1.729893445968628 0.0 0.0 0.0 -0.0 -0.0 -0.0 0.0 0.0 0.0 0.0 0.0 0.0 0.0 0.0 0.0 0.0 0.0 0.0 8.6 0.22 0.02 8.6 0.22 0.02 inf 0.0
135 1.7419095039367676 0.0 0.0 0.0 -0.0 -0.0 -0.0 0.0 0.0 0.0 0.0 0.0 0.0 0.0 0.0 0.0 0.0 0.0 0.0 8.6 0.22 0.02 8.6 0.22 0.02 inf 0.0
136 1.753793478012085 0.0 0.0 0.0 -0.0 -0.0 -0.0 0.0 0.0 0.0 0.0 0.0 0.0 0.0 0.0 0.0 0.0 0.0 0.0 8.6 0.22 0.02 8.6 0.22 0.02 inf 0.0
137 1.765434741973877 0.0 0.0 0.0 -0.0 -0.0 -0.0 0.0 0.0 0.0 0.0 0.0 0.0 0.0 0.0 0.0 0.0 0.0 0.0 8.6 0.22 0.02 8.6 0.22 0.02 inf 0.0
138 1.7769973278045654 0.0 0.0 0.0 -0.0 -0.0 -0.0 0.0 0.0 0.0 0.0 0.0 0.0 0.0 0.0 0.0 0.0 0.0 0.0 8.6 0.22 0.02 8.6 0.22 0.02 inf 0.0
139 1.7883572578430176 0.0 0.0 0.0 -0.0 -0.0 -0.0 0.0 0.0 0.0 0.0 0.0 0.0 0.0 0.0 0.0 0.0 0.0 0.0 8.6 0.22 0.02 8.6 0.22 0.02 inf 0.0
140 1.7998096942901611 0.0 0.0 0.0 -0.0 -0.0 -0.0 0.0 0.0 0.0 0.0 0.0 0.0 0.0 0.0 0.0 0.0 0.0 0.0 8.6 0.22 0.02 8.6 0.22 0.02 inf 0.0
141 1.8114662170410156 0.0 0.0 0.0 -0.0 -0.0 -0.0 0.0 0.0 0.0 0.0 0.0 0.0 0.0 0.0 0.0 0.0 0.0 0.0 8.6 0.22 0.02 8.6 0.22 0.02 inf 0.0
142 1.8229527473449707 -0.0016495175620545408 0.0 0.0 -0.0013468254495977703 0.0013468254495977703 -0.0 0.0 0.01098635927996551 0.0 0.0 0.0 0.0 0.0 0.0 0.0 0.0 -0.01098635927996551 0.0 8.6 0.22 0.02 8.6 0.22 0.02 inf 0.0
143 1.8342432975769043 -0.0016499939901078163 0.0 0.0 -0.001347214451474328 0.001347214451474328 -0.0 0.0 0.01098635927996551 0.0 0.0 0.0 0.0 0.0 0.0 0.0 0.0 -0.01098635927996551 0.0 8.6 0.22 0.02 8.6 0.22 0.02 inf 0.0
144 1.845911979675293 -0.0016504878680802901 0.0 0.0 -0.0013476177011502483 0.0013476177011502483 -0.0 0.0 0.01098635927996551 0.0 0.0 0.0 0.0 0.0 0.0 0.0 0.0 -0.01098635927996551 0.0 8.6 0.22 0.02 8.6 0.22 0.02 inf 0.0
145 1.8580942153930664 -0.0016510000206943684 0.0 0.0 -0.0013480358720085565 0.0013480358720085565 -0.0 0.0 0.01098635927996551 0.0 0.0 0.0 0.0 0.0 0.0 0.0 0.0 -0.01098635927996551 0.0 8.6 0.22 0.02 8.6 0.22 0.02 inf 0.0
146 1.8694992065429688 -0.0016514811355847312 0.0 0.0 -0.001348428700671571 0.001348428700671571 -0.0 0.0 0.01098635927996551 0.0 0.0 0.0 0.0 0.0 0.0 0.0 0.0 -0.01098635927996551 0.0 8.6 0.22 0.02 8.6 0.22 0.02 inf 0.0
147 1.8810648918151855 -0.0016519700249924083 0.0 0.0 -0.001348827877201391 0.001348827877201391 -0.0 0.0 0.01098635927996551 0.0 0.0 0.0 0.0 0.0 0.0 0.0 0.0 -0.01098635927996551 0.0 8.6 0.22 0.02 8.6 0.22 0.02 inf 0.0
148 1.8926606178283691 -0.0016524586629603276 0.0 0.0 -0.0013492268484315087 0.0013492268484315087 -0.0 0.0 0.01098635927996551 0.0 0.0 0.0 0.0 0.0 0.0 0.0 0.0 -0.01098635927996551 0.0 8.6 0.22 0.02 8.6 0.22 0.02 inf 0.0
149 1.9045910835266113 -0.001652961472073002 0.0 0.0 -0.001349637390352867 0.001349637390352867 -0.0 0.0 0.01098635927996551 0.0 0.0 0.0 0.0 0.0 0.0 0.0 0.0 -0.01098635927996551 0.0 8.6 0.22 0.02 8.6 0.22 0.02 inf 0.0
150 1.9161474704742432 -0.0016534489634756253 0.0 0.0 -0.0013500354254163405 0.0013500354254163405 -0.0 0.0 0.01098635927996551 0.0 0.0 0.0 0.0 0.0 0.0 0.0 0.0 -0.01098635927996551 0.0 8.6 0.22 0.02 8.6 0.22 0.02 inf 0.0
151 1.9299540519714355 -0.0016540371715876743 0.0 0.0 -0.0013505156953287022 0.0013505156953287022 -0.0 0.0 0.01098635927996551 0.0 0.0 0.0 0.0 0.0 0.0 0.0 0.0 -0.01098635927996551 0.0 8.6 0.22 0.02 8.6 0.22 0.02 inf 0.0
152 1.941889762878418 -0.0016545349116748296 0.0 0.0 -0.0013509220984080552 0.0013509220984080552 -0.0 0.0 0.01098635927996551 0.0 0.0 0.0 0.0 0.0 0.0 0.0 0.0 -0.01098635927996551 0.0 8.6 0.22 0.02 8.6 0.22 0.02 inf 0.0
153 1.953500509262085 -0.0016550255108728606 0.0 0.0 -0.0013513226709758535 0.0013513226709758535 -0.0 0.0 0.01098635927996551 0.0 0.0 0.0 0.0 0.0 0.0 0.0 0.0 -0.01098635927996551 0.0 8.6 0.22 0.02 8.6 0.22 0.02 inf 0.0
154 1.9651598930358887 -0.0016555163715682396 0.0 0.0 -0.0013517234570553423 0.0013517234570553423 -0.0 0.0 0.01098635927996551 0.0 0.0 0.0 0.0 0.0 0.0 0.0 0.0 -0.01098635927996551 0.0 8.6 0.22 0.02 8.6 0.22 0.02 inf 0.0
155 1.976541519165039 -0.0016559971847308929 0.0 0.0 -0.0013521160393587138 0.0013521160393587138 -0.0 0.0 0.01098635927996551 0.0 0.0 0.0 0.0 0.0 0.0 0.0 0.0 -0.01098635927996551 0.0 8.6 0.22 0.02 8.6 0.22 0.02 inf 0.0
156 1.9883038997650146 -0.0016564929233575752 0.0 0.0 -0.0013525208082524336 0.0013525208082524336 -0.0 0.0 0.01098635927996551 0.0 0.0 0.0 0.0 0.0 0.0 0.0 0.0 -0.01098635927996551 0.0 8.6 0.22 0.02 8.6 0.22 0.02 inf 0.0
157 2.0000882148742676 -0.0016569899493558181 0.0 0.0 -0.001352926628280631 0.001352926628280631 -0.0 0.0 0.01098635927996551 0.0 0.0 0.0 0.0 0.0 0.0 0.0 0.0 -0.01098635927996551 0.0 8.6 0.22 0.02 8.6 0.22 0.02 inf 0.0
158 2.0116820335388184 -0.0016574795729675882 0.0 0.0 -0.0013533264042855828 0.0013533264042855828 -0.0 0.0 0.01098635927996551 0.0 0.0 0.0 0.0 0.0 0.0 0.0 0.0 -0.01098635927996551 0.0 8.6 0.22 0.02 8.6 0.22 0.02 inf 0.0
159 2.0233538150787354 -0.001657971761264889 0.0 0.0 -0.0013537282743475018 0.0013537282743475018 -0.0 0.0 0.01098635927996551 0.0 0.0 0.0 0.0 0.0 0.0 0.0 0.0 -0.01098635927996551 0.0 8.6 0.22 0.02 8.6 0.22 0.02 inf 0.0
160 2.034921646118164 -0.0016584594035313669 0.0 0.0 -0.0013541264325907965 0.0013541264325907965 -0.0 0.0 0.01098635927996551 0.0 0.0 0.0 0.0 0.0 0.0 0.0 0.0 -0.01098635927996551 0.0 8.6 0.22 0.02 8.6 0.22 0.02 inf 0.0
161 2.046299934387207 -0.001658939321568482 0.0 0.0 -0.0013545182840272265 0.0013545182840272265 -0.0 0.0 0.01098635927996551 0.0 0.0 0.0 0.0 0.0 0.0 0.0 0.0 -0.01098635927996551 0.0 8.6 0.22 0.02 8.6 0.22 0.02 inf 0.0
162 2.0577595233917236 -0.0016594238258667814 0.0 0.0 -0.001354913880130233 0.001354913880130233 -0.0 0.0 0.01098635927996551 0.0 0.0 0.0 0.0 0.0 0.0 0.0 0.0 -0.01098635927996551 0.0 8.6 0.22 0.02 8.6 0.22 0.02 inf 0.0
163 2.0692052841186523 -0.0016599062180711142 0.0 0.0 -0.0013553077517157368 0.0013553077517157368 -0.0 0.0 0.01098635927996551 0.0 0.0 0.0 0.0 0.0 0.0 0.0 0.0 -0.01098635927996551 0.0 8.6 0.22 0.02 8.6 0.22 0.02 inf 0.0
164 2.080885887145996 -0.0016603983158501021 0.0 0.0 -0.0013557095478697627 0.0013557095478697627 -0.0 0.0 0.01098635927996551 0.0 0.0 0.0 0.0 0.0 0.0 0.0 0.0 -0.01098635927996551 0.0 8.6 0.22 0.02 8.6 0.22 0.02 inf 0.0
165 2.0925002098083496 -0.0016608883317078948 0.0 0.0 -0.0013561096441422507 0.0013561096441422507 -0.0 0.0 0.01098635927996551 0.0 0.0 0.0 0.0 0.0 0.0 0.0 0.0 -0.01098635927996551 0.0 8.6 0.22 0.02 8.6 0.22 0.02 inf 0.0
166 2.104151964187622 -0.0016613801981623054 0.0 0.0 -0.00135651125142055 0.00135651125142055 -0.0 0.0 0.01098635927996551 0.0 0.0 0.0 0.0 0.0 0.0 0.0 0.0 -0.01098635927996551 0.0 8.6 0.22 0.02 8.6 0.22 0.02 inf 0.0
167 2.115818738937378 -0.0016618719137528612 0.0 0.0 -0.0013569127355190277 0.0013569127355190277 -0.0 0.0 0.01098635927996551 0.0 0.0 0.0 0.0 0.0 0.0 0.0 0.0 -0.01098635927996551 0.0 8.6 0.22 0.02 8.6 0.22 0.02 inf 0.0
168 2.127392292022705 -0.001662360280165842 0.0 0.0 -0.0013573114850254663 0.0013573114850254663 -0.0 0.0 0.01098635927996551 0.0 0.0 0.0 0.0 0.0 0.0 0.0 0.0 -0.01098635927996551 0.0 8.6 0.22 0.02 8.6 0.22 0.02 inf 0.0
169 2.138770580291748 -0.0016628403591244022 0.0 0.0 -0.0013577034678537063 0.0013577034678537063 -0.0 0.0 0.01098635927996551 0.0 0.0 0.0 0.0 0.0 0.0 0.0 0.0 -0.01098635927996551 0.0 8.6 0.22 0.02 8.6 0.22 0.02 inf 0.0
170 2.1501517295837402 -0.0016633206291771783 0.0 0.0 -0.00135809560670972 0.00135809560670972 -0.0 0.0 0.01098635927996551 0.0 0.0 0.0 0.0 0.0 0.0 0.0 0.0 -0.01098635927996551 0.0 8.6 0.22 0.02 8.6 0.22 0.02 inf 0.0
171 2.161567449569702 -0.0016638024581564536 0.0 0.0 -0.00135848901842389 0.00135848901842389 -0.0 0.0 0.01098635927996551 0.0 0.0 0.0 0.0 0.0 0.0 0.0 0.0 -0.01098635927996551 0.0 8.6 0.22 0.02 8.6 0.22 0.02 inf 0.0
172 2.1730806827545166 -0.0016642873949311364 0.0 0.0 -0.001358884967642385 0.001358884967642385 -0.0 0.0 0.01098635927996551 0.0 0.0 0.0 0.0 0.0 0.0 0.0 0.0 -0.01098635927996551 0.0 8.6 0.22 0.02 8.6 0.22 0.02 inf 0.0
173 2.184455633163452 -0.0016647678259053575 0.0 0.0 -0.0013592772378902078 0.0013592772378902078 -0.0 0.0 0.01098635927996551 0.0 0.0 0.0 0.0 0.0 0.0 0.0 0.0 -0.01098635927996551 0.0 8.6 0.22 0.02 8.6 0.22 0.02 inf 0.0
174 2.1958377361297607 -0.0016652476433665696 0.0 0.0 -0.001359669007206757 0.001359669007206757 -0.0 0.0 0.01098635927996551 0.0 0.0 0.0 0.0 0.0 0.0 0.0 0.0 -0.01098635927996551 0.0 8.6 0.22 0.02 8.6 0.22 0.02 inf 0.0
175 2.2072181701660156 -0.0016657285772203065 0.0 0.0 -0.0013600616880539856 0.0013600616880539856 -0.0 0.0 0.01098635927996551 0.0 0.0 0.0 0.0 0.0 0.0 0.0 0.0 -0.01098635927996551 0.0 8.6 0.22 0.02 8.6 0.22 0.02 inf 0.0
176 2.2186291217803955 -0.0016662086863516376 0.0 0.0 -0.0013604536955181894 0.0013604536955181894 -0.0 0.0 0.01098635927996551 0.0 0.0 0.0 0.0 0.0 0.0 0.0 0.0 -0.01098635927996551 0.0 8.6 0.22 0.02 8.6 0.22 0.02 inf 0.0
177 2.2298812866210938 -1.717466306672577e-05 0.0 0.0 -1.4023053672567285e-05 1.4023053672567285e-05 -0.0 0.0 0.0 0.0 0.0 0.0 0.0 0.0 0.0 0.0 0.0 0.0 0.0 8.6 0.22 0.02 8.6 0.22 0.02 inf 0.0
178 2.2411632537841797 -1.717466306672577e-05 0.0 0.0 -1.4023053672567285e-05 1.4023053672567285e-05 -0.0 0.0 0.0 0.0 0.0 0.0 0.0 0.0 0.0 0.0 0.0 0.0 0.0 8.6 0.22 0.02 8.6 0.22 0.02 inf 0.0
179 2.252612829208374 -1.717466306672577e-05 0.0 0.0 -1.4023053672567285e-05 1.4023053672567285e-05 -0.0 0.0 0.0 0.0 0.0 0.0 0.0 0.0 0.0 0.0 0.0 0.0 0.0 8.6 0.22 0.02 8.6 0.22 0.02 inf 0.0
180 2.2642531394958496 -1.717466306672577e-05 0.0 0.0 -1.4023053672567285e-05 1.4023053672567285e-05 -0.0 0.0 0.0 0.0 0.0 0.0 0.0 0.0 0.0 0.0 0.0 0.0 0.0 8.6 0.22 0.02 8.6 0.22 0.02 inf 0.0
181 2.2755682468414307 -1.717466306672577e-05 0.0 0.0 -1.4023053672567285e-05 1.4023053672567285e-05 -0.0 0.0 0.0 0.0 0.0 0.0 0.0 0.0 0.0 0.0 0.0 0.0 0.0 8.6 0.22 0.02 8.6 0.22 0.02 inf 0.0
182 2.286957025527954 -1.717466306672577e-05 0.0 0.0 -1.4023053672567285e-05 1.4023053672567285e-05 -0.0 0.0 0.0 0.0 0.0 0.0 0.0 0.0 0.0 0.0 0.0 0.0 0.0 8.6 0.22 0.02 8.6 0.22 0.02 inf 0.0
183 2.2983016967773438 -1.717466306672577e-05 0.0 0.0 -1.4023053672567285e-05 1.4023053672567285e-05 -0.0 0.0 0.0 0.0 0.0 0.0 0.0 0.0 0.0 0.0 0.0 0.0 0.0 8.6 0.22 0.02 8.6 0.22 0.02 inf 0.0
184 2.310030460357666 -1.717466306672577e-05 0.0 0.0 -1.4023053672567285e-05 1.4023053672567285e-05 -0.0 0.0 0.0 0.0 0.0 0.0 0.0 0.0 0.0 0.0 0.0 0.0 0.0 8.6 0.22 0.02 8.6 0.22 0.02 inf 0.0
185 2.321384906768799 -1.717466306672577e-05 0.0 0.0 -1.4023053672567285e-05 1.4023053672567285e-05 -0.0 0.0 0.0 0.0 0.0 0.0 0.0 0.0 0.0 0.0 0.0 0.0 0.0 8.6 0.22 0.02 8.6 0.22 0.02 inf 0.0
186 2.3328046798706055 -1.717466306672577e-05 0.0 0.0 -1.4023053672567285e-05 1.4023053672567285e-05 -0.0 0.0 0.0 0.0 0.0 0.0 0.0 0.0 0.0 0.0 0.0 0.0 0.0 8.6 0.22 0.02 8.6 0.22 0.02 inf 0.0
187 2.3442065715789795 -1.717466306672577e-05 0.0 0.0 -1.4023053672567285e-05 1.4023053672567285e-05 -0.0 0.0 0.0 0.0 0.0 0.0 0.0 0.0 0.0 0.0 0.0 0.0 0.0 8.6 0.22 0.02 8.6 0.22 0.02 inf 0.0
188 2.3557074069976807 -1.717466306672577e-05 0.0 0.0 -1.4023053672567285e-05 1.4023053672567285e-05 -0.0 0.0 0.0 0.0 0.0 0.0 0.0 0.0 0.0 0.0 0.0 0.0 0.0 8.6 0.22 0.02 8.6 0.22 0.02 inf 0.0
189 2.3670361042022705 -1.717466306672577e-05 0.0 0.0 -1.4023053672567285e-05 1.4023053672567285e-05 -0.0 0.0 0.0 0.0 0.0 0.0 0.0 0.0 0.0 0.0 0.0 0.0 0.0 8.6 0.22 0.02 8.6 0.22 0.02 inf 0.0
190 2.378354787826538 -1.717466306672577e-05 0.0 0.0 -1.4023053672567285e-05 1.4023053672567285e-05 -0.0 0.0 0.0 0.0 0.0 0.0 0.0 0.0 0.0 0.0 0.0 0.0 0.0 8.6 0.22 0.02 8.6 0.22 0.02 inf 0.0
191 2.389772891998291 -1.717466306672577e-05 0.0 0.0 -1.4023053672567285e-05 1.4023053672567285e-05 -0.0 0.0 0.0 0.0 0.0 0.0 0.0 0.0 0.0 0.0 0.0 0.0 0.0 8.6 0.22 0.02 8.6 0.22 0.02 inf 0.0
192 2.401259660720825 -1.717466306672577e-05 0.0 0.0 -1.4023053672567285e-05 1.4023053672567285e-05 -0.0 0.0 0.0 0.0 0.0 0.0 0.0 0.0 0.0 0.0 0.0 0.0 0.0 8.6 0.22 0.02 8.6 0.22 0.02 inf 0.0
193 2.4126431941986084 -1.717466306672577e-05 0.0 0.0 -1.4023053672567285e-05 1.4023053672567285e-05 -0.0 0.0 0.0 0.0 0.0 0.0 0.0 0.0 0.0 0.0 0.0 0.0 0.0 8.6 0.22 0.02 8.6 0.22 0.02 inf 0.0
194 2.4244332313537598 -1.717466306672577e-05 0.0 0.0 -1.4023053672567285e-05 1.4023053672567285e-05 -0.0 0.0 0.0 0.0 0.0 0.0 0.0 0.0 0.0 0.0 0.0 0.0 0.0 8.6 0.22 0.02 8.6 0.22 0.02 inf 0.0
195 2.435976266860962 -1.717466306672577e-05 0.0 0.0 -1.4023053672567285e-05 1.4023053672567285e-05 -0.0 0.0 0.0 0.0 0.0 0.0 0.0 0.0 0.0 0.0 0.0 0.0 0.0 8.6 0.22 0.02 8.6 0.22 0.02 inf 0.0
196 2.4472761154174805 -1.717466306672577e-05 0.0 0.0 -1.4023053672567285e-05 1.4023053672567285e-05 -0.0 0.0 0.0 0.0 0.0 0.0 0.0 0.0 0.0 0.0 0.0 0.0 0.0 8.6 0.22 0.02 8.6 0.22 0.02 inf 0.0
197 2.4585952758789062 -1.717466306672577e-05 0.0 0.0 -1.4023053672567285e-05 1.4023053672567285e-05 -0.0 0.0 0.0 0.0 0.0 0.0 0.0 0.0 0.0 0.0 0.0 0.0 0.0 8.6 0.22 0.02 8.6 0.22 0.02 inf 0.0
198 2.4702506065368652 -1.717466306672577e-05 0.0 0.0 -1.4023053672567285e-05 1.4023053672567285e-05 -0.0 0.0 0.0 0.0 0.0 0.0 0.0 0.0 0.0 0.0 0.0 0.0 0.0 8.6 0.22 0.02 8.6 0.22 0.02 inf 0.0
199 2.481743812561035 -1.717466306672577e-05 0.0 0.0 -1.4023053672567285e-05 1.4023053672567285e-05 -0.0 0.0 0.0 0.0 0.0 0.0 0.0 0.0 0.0 0.0 0.0 0.0 0.0 8.6 0.22 0.02 8.6 0.22 0.02 inf 0.0
200 2.493428945541382 -1.717466306672577e-05 0.0 0.0 -1.4023053672567285e-05 1.4023053672567285e-05 -0.0 0.0 0.0 0.0 0.0 0.0 0.0 0.0 0.0 0.0 0.0 0.0 0.0 8.6 0.22 0.02 8.6 0.22 0.02 inf 0.0
201 2.504770040512085 -1.717466306672577e-05 0.0 0.0 -1.4023053672567285e-05 1.4023053672567285e-05 -0.0 0.0 0.0 0.0 0.0 0.0 0.0 0.0 0.0 0.0 0.0 0.0 0.0 8.6 0.22 0.02 8.6 0.22 0.02 inf 0.0
202 2.516461133956909 -1.717466306672577e-05 0.0 0.0 -1.4023053672567285e-05 1.4023053672567285e-05 -0.0 0.0 0.0 0.0 0.0 0.0 0.0 0.0 0.0 0.0 0.0 0.0 0.0 8.6 0.22 0.02 8.6 0.22 0.02 inf 0.0
203 2.528043508529663 -1.717466306672577e-05 0.0 0.0 -1.4023053672567285e-05 1.4023053672567285e-05 -0.0 0.0 0.0 0.0 0.0 0.0 0.0 0.0 0.0 0.0 0.0 0.0 0.0 8.6 0.22 0.02 8.6 0.22 0.02 inf 0.0
204 2.539372682571411 -1.717466306672577e-05 0.0 0.0 -1.4023053672567285e-05 1.4023053672567285e-05 -0.0 0.0 0.0 0.0 0.0 0.0 0.0 0.0 0.0 0.0 0.0 0.0 0.0 8.6 0.22 0.02 8.6 0.22 0.02 inf 0.0
205 2.5507194995880127 -1.717466306672577e-05 0.0 0.0 -1.4023053672567285e-05 1.4023053672567285e-05 -0.0 0.0 0.0 0.0 0.0 0.0 0.0 0.0 0.0 0.0 0.0 0.0 0.0 8.6 0.22 0.02 8.6 0.22 0.02 inf 0.0
206 2.562004327774048 -1.717466306672577e-05 0.0 0.0 -1.4023053672567285e-05 1.4023053672567285e-05 -0.0 0.0 0.0 0.0 0.0 0.0 0.0 0.0 0.0 0.0 0.0 0.0 0.0 8.6 0.22 0.02 8.6 0.22 0.02 inf 0.0
207 2.5733418464660645 -1.717466306672577e-05 0.0 0.0 -1.4023053672567285e-05 1.4023053672567285e-05 -0.0 0.0 0.0 0.0 0.0 0.0 0.0 0.0 0.0 0.0 0.0 0.0 0.0 8.6 0.22 0.02 8.6 0.22 0.02 inf 0.0
208 2.5846853256225586 -1.717466306672577e-05 0.0 0.0 -1.4023053672567285e-05 1.4023053672567285e-05 -0.0 0.0 0.0 0.0 0.0 0.0 0.0 0.0 0.0 0.0 0.0 0.0 0.0 8.6 0.22 0.02 8.6 0.22 0.02 inf 0.0
209 2.596343994140625 -1.717466306672577e-05 0.0 0.0 -1.4023053672567285e-05 1.4023053672567285e-05 -0.0 0.0 0.0 0.0 0.0 0.0 0.0 0.0 0.0 0.0 0.0 0.0 0.0 8.6 0.22 0.02 8.6 0.22 0.02 inf 0.0
210 2.608181953430176 -1.717466306672577e-05 0.0 0.0 -1.4023053672567285e-05 1.4023053672567285e-05 -0.0 0.0 0.0 0.0 0.0 0.0 0.0 0.0 0.0 0.0 0.0 0.0 0.0 8.6 0.22 0.02 8.6 0.22 0.02 inf 0.0
211 2.6197664737701416 -1.717466306672577e-05 0.0 0.0 -1.4023053672567285e-05 1.4023053672567285e-05 -0.0 0.0 0.0 0.0 0.0 0.0 0.0 0.0 0.0 0.0 0.0 0.0 0.0 8.6 0.22 0.02 8.6 0.22 0.02 inf 0.0
212 2.6313865184783936 -1.717466306672577e-05 0.0 0.0 -1.4023053672567285e-05 1.4023053672567285e-05 -0.0 0.0 0.0 0.0 0.0 0.0 0.0 0.0 0.0 0.0 0.0 0.0 0.0 8.6 0.22 0.02 8.6 0.22 0.02 inf 0.0
213 2.644007921218872 -1.717466306672577e-05 0.0 0.0 -1.4023053672567285e-05 1.4023053672567285e-05 -0.0 0.0 0.0 0.0 0.0 0.0 0.0 0.0 0.0 0.0 0.0 0.0 0.0 8.6 0.22 0.02 8.6 0.22 0.02 inf 0.0
214 2.65580153465271 -1.717466306672577e-05 0.0 0.0 -1.4023053672567285e-05 1.4023053672567285e-05 -0.0 0.0 0.0 0.0 0.0 0.0 0.0 0.0 0.0 0.0 0.0 0.0 0.0 8.6 0.22 0.02 8.6 0.22 0.02 inf 0.0
215 2.6679253578186035 -1.717466306672577e-05 0.0 0.0 -1.4023053672567285e-05 1.4023053672567285e-05 -0.0 0.0 0.0 0.0 0.0 0.0 0.0 0.0 0.0 0.0 0.0 0.0 0.0 8.6 0.22 0.02 8.6 0.22 0.02 inf 0.0
216 2.6812121868133545 -1.717466306672577e-05 0.0 0.0 -1.4023053672567285e-05 1.4023053672567285e-05 -0.0 0.0 0.0 0.0 0.0 0.0 0.0 0.0 0.0 0.0 0.0 0.0 0.0 8.6 0.22 0.02 8.6 0.22 0.02 inf 0.0
217 2.693554162979126 -1.717466306672577e-05 0.0 0.0 -1.4023053672567285e-05 1.4023053672567285e-05 -0.0 0.0 0.0 0.0 0.0 0.0 0.0 0.0 0.0 0.0 0.0 0.0 0.0 8.6 0.22 0.02 8.6 0.22 0.02 inf 0.0
218 2.7063450813293457 -1.717466306672577e-05 0.0 0.0 -1.4023053672567285e-05 1.4023053672567285e-05 -0.0 0.0 0.0 0.0 0.0 0.0 0.0 0.0 0.0 0.0 0.0 0.0 0.0 8.6 0.22 0.02 8.6 0.22 0.02 inf 0.0
219 2.7188594341278076 -1.717466306672577e-05 0.0 0.0 -1.4023053672567285e-05 1.4023053672567285e-05 -0.0 0.0 0.0 0.0 0.0 0.0 0.0 0.0 0.0 0.0 0.0 0.0 0.0 8.6 0.22 0.02 8.6 0.22 0.02 inf 0.0
220 2.7330222129821777 -1.717466306672577e-05 0.0 0.0 -1.4023053672567285e-05 1.4023053672567285e-05 -0.0 0.0 0.0 0.0 0.0 0.0 0.0 0.0 0.0 0.0 0.0 0.0 0.0 8.6 0.22 0.02 8.6 0.22 0.02 inf 0.0
221 2.7466354370117188 -1.717466306672577e-05 0.0 0.0 -1.4023053672567285e-05 1.4023053672567285e-05 -0.0 0.0 0.0 0.0 0.0 0.0 0.0 0.0 0.0 0.0 0.0 0.0 0.0 8.6 0.22 0.02 8.6 0.22 0.02 inf 0.0
222 2.758518934249878 -1.717466306672577e-05 0.0 0.0 -1.4023053672567285e-05 1.4023053672567285e-05 -0.0 0.0 0.0 0.0 0.0 0.0 0.0 0.0 0.0 0.0 0.0 0.0 0.0 8.6 0.22 0.02 8.6 0.22 0.02 inf 0.0
223 2.770756721496582 -1.717466306672577e-05 0.0 0.0 -1.4023053672567285e-05 1.4023053672567285e-05 -0.0 0.0 0.0 0.0 0.0 0.0 0.0 0.0 0.0 0.0 0.0 0.0 0.0 8.6 0.22 0.02 8.6 0.22 0.02 inf 0.0
224 2.7841475009918213 -1.717466306672577e-05 0.0 0.0 -1.4023053672567285e-05 1.4023053672567285e-05 -0.0 0.0 0.0 0.0 0.0 0.0 0.0 0.0 0.0 0.0 0.0 0.0 0.0 8.6 0.22 0.02 8.6 0.22 0.02 inf 0.0
225 2.7984986305236816 -1.717466306672577e-05 0.0 0.0 -1.4023053672567285e-05 1.4023053672567285e-05 -0.0 0.0 0.0 0.0 0.0 0.0 0.0 0.0 0.0 0.0 0.0 0.0 0.0 8.6 0.22 0.02 8.6 0.22 0.02 inf 0.0
226 2.8107073307037354 -1.717466306672577e-05 0.0 0.0 -1.4023053672567285e-05 1.4023053672567285e-05 -0.0 0.0 0.0 0.0 0.0 0.0 0.0 0.0 0.0 0.0 0.0 0.0 0.0 8.6 0.22 0.02 8.6 0.22 0.02 inf 0.0
227 2.8228721618652344 -1.717466306672577e-05 0.0 0.0 -1.4023053672567285e-05 1.4023053672567285e-05 -0.0 0.0 0.0 0.0 0.0 0.0 0.0 0.0 0.0 0.0 0.0 0.0 0.0 8.6 0.22 0.02 8.6 0.22 0.02 inf 0.0
228 2.8343043327331543 -1.717466306672577e-05 0.0 0.0 -1.4023053672567285e-05 1.4023053672567285e-05 -0.0 0.0 0.0 0.0 0.0 0.0 0.0 0.0 0.0 0.0 0.0 0.0 0.0 8.6 0.22 0.02 8.6 0.22 0.02 inf 0.0
229 2.8460171222686768 -1.717466306672577e-05 0.0 0.0 -1.4023053672567285e-05 1.4023053672567285e-05 -0.0 0.0 0.0 0.0 0.0 0.0 0.0 0.0 0.0 0.0 0.0 0.0 0.0 8.6 0.22 0.02 8.6 0.22 0.02 inf 0.0
230 2.8577122688293457 -1.717466306672577e-05 0.0 0.0 -1.4023053672567285e-05 1.4023053672567285e-05 -0.0 0.0 0.0 0.0 0.0 0.0 0.0 0.0 0.0 0.0 0.0 0.0 0.0 8.6 0.22 0.02 8.6 0.22 0.02 inf 0.0
231 2.8691914081573486 -1.717466306672577e-05 0.0 0.0 -1.4023053672567285e-05 1.4023053672567285e-05 -0.0 0.0 0.0 0.0 0.0 0.0 0.0 0.0 0.0 0.0 0.0 0.0 0.0 8.6 0.22 0.02 8.6 0.22 0.02 inf 0.0
232 2.8806557655334473 -1.717466306672577e-05 0.0 0.0 -1.4023053672567285e-05 1.4023053672567285e-05 -0.0 0.0 0.0 0.0 0.0 0.0 0.0 0.0 0.0 0.0 0.0 0.0 0.0 8.6 0.22 0.02 8.6 0.22 0.02 inf 0.0
233 2.8928380012512207 -1.717466306672577e-05 0.0 0.0 -1.4023053672567285e-05 1.4023053672567285e-05 -0.0 0.0 0.0 0.0 0.0 0.0 0.0 0.0 0.0 0.0 0.0 0.0 0.0 8.6 0.22 0.02 8.6 0.22 0.02 inf 0.0
234 2.9044525623321533 -1.717466306672577e-05 0.0 0.0 -1.4023053672567285e-05 1.4023053672567285e-05 -0.0 0.0 0.0 0.0 0.0 0.0 0.0 0.0 0.0 0.0 0.0 0.0 0.0 8.6 0.22 0.02 8.6 0.22 0.02 inf 0.0
235 2.915836811065674 -1.717466306672577e-05 0.0 0.0 -1.4023053672567285e-05 1.4023053672567285e-05 -0.0 0.0 0.0 0.0 0.0 0.0 0.0 0.0 0.0 0.0 0.0 0.0 0.0 8.6 0.22 0.02 8.6 0.22 0.02 inf 0.0
236 2.9274508953094482 -1.717466306672577e-05 0.0 0.0 -1.4023053672567285e-05 1.4023053672567285e-05 -0.0 0.0 0.0 0.0 0.0 0.0 0.0 0.0 0.0 0.0 0.0 0.0 0.0 8.6 0.22 0.02 8.6 0.22 0.02 inf 0.0
237 2.938880443572998 -1.717466306672577e-05 0.0 0.0 -1.4023053672567285e-05 1.4023053672567285e-05 -0.0 0.0 0.0 0.0 0.0 0.0 0.0 0.0 0.0 0.0 0.0 0.0 0.0 8.6 0.22 0.02 8.6 0.22 0.02 inf 0.0
238 2.9503767490386963 -1.717466306672577e-05 0.0 0.0 -1.4023053672567285e-05 1.4023053672567285e-05 -0.0 0.0 0.0 0.0 0.0 0.0 0.0 0.0 0.0 0.0 0.0 0.0 0.0 8.6 0.22 0.02 8.6 0.22 0.02 inf 0.0
239 2.9617505073547363 -1.717466306672577e-05 0.0 0.0 -1.4023053672567285e-05 1.4023053672567285e-05 -0.0 0.0 0.0 0.0 0.0 0.0 0.0 0.0 0.0 0.0 0.0 0.0 0.0 8.6 0.22 0.02 8.6 0.22 0.02 inf 0.0
240 2.973167896270752 -1.717466306672577e-05 0.0 0.0 -1.4023053672567285e-05 1.4023053672567285e-05 -0.0 0.0 0.0 0.0 0.0 0.0 0.0 0.0 0.0 0.0 0.0 0.0 0.0 8.6 0.22 0.02 8.6 0.22 0.02 inf 0.0
241 2.9845409393310547 -1.717466306672577e-05 0.0 0.0 -1.4023053672567285e-05 1.4023053672567285e-05 -0.0 0.0 0.0 0.0 0.0 0.0 0.0 0.0 0.0 0.0 0.0 0.0 0.0 8.6 0.22 0.02 8.6 0.22 0.02 inf 0.0
242 2.9965643882751465 -1.717466306672577e-05 0.0 0.0 -1.4023053672567285e-05 1.4023053672567285e-05 -0.0 0.0 0.0 0.0 0.0 0.0 0.0 0.0 0.0 0.0 0.0 0.0 0.0 8.6 0.22 0.02 8.6 0.22 0.02 inf 0.0
243 3.0083932876586914 -1.717466306672577e-05 0.0 0.0 -1.4023053672567285e-05 1.4023053672567285e-05 -0.0 0.0 0.0 0.0 0.0 0.0 0.0 0.0 0.0 0.0 0.0 0.0 0.0 8.6 0.22 0.02 8.6 0.22 0.02 inf 0.0
244 3.0198676586151123 -1.717466306672577e-05 0.0 0.0 -1.4023053672567285e-05 1.4023053672567285e-05 -0.0 0.0 0.0 0.0 0.0 0.0 0.0 0.0 0.0 0.0 0.0 0.0 0.0 8.6 0.22 0.02 8.6 0.22 0.02 inf 0.0
245 3.03129243850708 -1.717466306672577e-05 0.0 0.0 -1.4023053672567285e-05 1.4023053672567285e-05 -0.0 0.0 0.0 0.0 0.0 0.0 0.0 0.0 0.0 0.0 0.0 0.0 0.0 8.6 0.22 0.02 8.6 0.22 0.02 inf 0.0
246 3.0426888465881348 -1.717466306672577e-05 0.0 0.0 -1.4023053672567285e-05 1.4023053672567285e-05 -0.0 0.0 0.0 0.0 0.0 0.0 0.0 0.0 0.0 0.0 0.0 0.0 0.0 8.6 0.22 0.02 8.6 0.22 0.02 inf 0.0
247 3.054208278656006 -1.717466306672577e-05 0.0 0.0 -1.4023053672567285e-05 1.4023053672567285e-05 -0.0 0.0 0.0 0.0 0.0 0.0 0.0 0.0 0.0 0.0 0.0 0.0 0.0 8.6 0.22 0.02 8.6 0.22 0.02 inf 0.0
248 3.0656485557556152 -1.717466306672577e-05 0.0 0.0 -1.4023053672567285e-05 1.4023053672567285e-05 -0.0 0.0 0.0 0.0 0.0 0.0 0.0 0.0 0.0 0.0 0.0 0.0 0.0 8.6 0.22 0.02 8.6 0.22 0.02 inf 0.0
249 3.0771360397338867 -1.717466306672577e-05 0.0 0.0 -1.4023053672567285e-05 1.4023053672567285e-05 -0.0 0.0 0.0 0.0 0.0 0.0 0.0 0.0 0.0 0.0 0.0 0.0 0.0 8.6 0.22 0.02 8.6 0.22 0.02 inf 0.0
250 3.0886855125427246 -1.717466306672577e-05 0.0 0.0 -1.4023053672567285e-05 1.4023053672567285e-05 -0.0 0.0 0.0 0.0 0.0 0.0 0.0 0.0 0.0 0.0 0.0 0.0 0.0 8.6 0.22 0.02 8.6 0.22 0.02 inf 0.0
251 3.100855588912964 -1.717466306672577e-05 0.0 0.0 -1.4023053672567285e-05 1.4023053672567285e-05 -0.0 0.0 0.0 0.0 0.0 0.0 0.0 0.0 0.0 0.0 0.0 0.0 0.0 8.6 0.22 0.02 8.6 0.22 0.02 inf 0.0
252 3.112260341644287 -1.717466306672577e-05 0.0 0.0 -1.4023053672567285e-05 1.4023053672567285e-05 -0.0 0.0 0.0 0.0 0.0 0.0 0.0 0.0 0.0 0.0 0.0 0.0 0.0 8.6 0.22 0.02 8.6 0.22 0.02 inf 0.0
253 3.1237168312072754 -1.717466306672577e-05 0.0 0.0 -1.4023053672567285e-05 1.4023053672567285e-05 -0.0 0.0 0.0 0.0 0.0 0.0 0.0 0.0 0.0 0.0 0.0 0.0 0.0 8.6 0.22 0.02 8.6 0.22 0.02 inf 0.0
254 3.1352312564849854 -1.717466306672577e-05 0.0 0.0 -1.4023053672567285e-05 1.4023053672567285e-05 -0.0 0.0 0.0 0.0 0.0 0.0 0.0 0.0 0.0 0.0 0.0 0.0 0.0 8.6 0.22 0.02 8.6 0.22 0.02 inf 0.0
255 3.1477885246276855 -1.717466306672577e-05 0.0 0.0 -1.4023053672567285e-05 1.4023053672567285e-05 -0.0 0.0 0.0 0.0 0.0 0.0 0.0 0.0 0.0 0.0 0.0 0.0 0.0 8.6 0.22 0.02 8.6 0.22 0.02 inf 0.0
256 3.160554885864258 -1.717466306672577e-05 0.0 0.0 -1.4023053672567285e-05 1.4023053672567285e-05 -0.0 0.0 0.0 0.0 0.0 0.0 0.0 0.0 0.0 0.0 0.0 0.0 0.0 8.6 0.22 0.02 8.6 0.22 0.02 inf 0.0
257 3.1724414825439453 -1.717466306672577e-05 0.0 0.0 -1.4023053672567285e-05 1.4023053672567285e-05 -0.0 0.0 0.0 0.0 0.0 0.0 0.0 0.0 0.0 0.0 0.0 0.0 0.0 8.6 0.22 0.02 8.6 0.22 0.02 inf 0.0
258 3.1839189529418945 -1.717466306672577e-05 0.0 0.0 -1.4023053672567285e-05 1.4023053672567285e-05 -0.0 0.0 0.0 0.0 0.0 0.0 0.0 0.0 0.0 0.0 0.0 0.0 0.0 8.6 0.22 0.02 8.6 0.22 0.02 inf 0.0
259 3.195937156677246 -1.717466306672577e-05 0.0 0.0 -1.4023053672567285e-05 1.4023053672567285e-05 -0.0 0.0 0.0 0.0 0.0 0.0 0.0 0.0 0.0 0.0 0.0 0.0 0.0 8.6 0.22 0.02 8.6 0.22 0.02 inf 0.0
260 3.2079122066497803 -1.717466306672577e-05 0.0 0.0 -1.4023053672567285e-05 1.4023053672567285e-05 -0.0 0.0 0.0 0.0 0.0 0.0 0.0 0.0 0.0 0.0 0.0 0.0 0.0 8.6 0.22 0.02 8.6 0.22 0.02 inf 0.0
261 3.219412088394165 -1.717466306672577e-05 0.0 0.0 -1.4023053672567285e-05 1.4023053672567285e-05 -0.0 0.0 0.0 0.0 0.0 0.0 0.0 0.0 0.0 0.0 0.0 0.0 0.0 8.6 0.22 0.02 8.6 0.22 0.02 inf 0.0
262 3.231238842010498 -1.717466306672577e-05 0.0 0.0 -1.4023053672567285e-05 1.4023053672567285e-05 -0.0 0.0 0.0 0.0 0.0 0.0 0.0 0.0 0.0 0.0 0.0 0.0 0.0 8.6 0.22 0.02 8.6 0.22 0.02 inf 0.0
263 3.242587089538574 -1.717466306672577e-05 0.0 0.0 -1.4023053672567285e-05 1.4023053672567285e-05 -0.0 0.0 0.0 0.0 0.0 0.0 0.0 0.0 0.0 0.0 0.0 0.0 0.0 8.6 0.22 0.02 8.6 0.22 0.02 inf 0.0
264 3.254220485687256 -1.717466306672577e-05 0.0 0.0 -1.4023053672567285e-05 1.4023053672567285e-05 -0.0 0.0 0.0 0.0 0.0 0.0 0.0 0.0 0.0 0.0 0.0 0.0 0.0 8.6 0.22 0.02 8.6 0.22 0.02 inf 0.0
265 3.2656149864196777 -1.717466306672577e-05 0.0 0.0 -1.4023053672567285e-05 1.4023053672567285e-05 -0.0 0.0 0.0 0.0 0.0 0.0 0.0 0.0 0.0 0.0 0.0 0.0 0.0 8.6 0.22 0.02 8.6 0.22 0.02 inf 0.0
266 3.2771356105804443 -1.717466306672577e-05 0.0 0.0 -1.4023053672567285e-05 1.4023053672567285e-05 -0.0 0.0 0.0 0.0 0.0 0.0 0.0 0.0 0.0 0.0 0.0 0.0 0.0 8.6 0.22 0.02 8.6 0.22 0.02 inf 0.0
267 3.2887027263641357 -1.717466306672577e-05 0.0 0.0 -1.4023053672567285e-05 1.4023053672567285e-05 -0.0 0.0 0.0 0.0 0.0 0.0 0.0 0.0 0.0 0.0 0.0 0.0 0.0 8.6 0.22 0.02 8.6 0.22 0.02 inf 0.0
268 3.3001708984375 -1.717466306672577e-05 0.0 0.0 -1.4023053672567285e-05 1.4023053672567285e-05 -0.0 0.0 0.0 0.0 0.0 0.0 0.0 0.0 0.0 0.0 0.0 0.0 0.0 8.6 0.22 0.02 8.6 0.22 0.02 inf 0.0
269 3.3117334842681885 -1.717466306672577e-05 0.0 0.0 -1.4023053672567285e-05 1.4023053672567285e-05 -0.0 0.0 0.0 0.0 0.0 0.0 0.0 0.0 0.0 0.0 0.0 0.0 0.0 8.6 0.22 0.02 8.6 0.22 0.02 inf 0.0
270 3.323237895965576 -1.717466306672577e-05 0.0 0.0 -1.4023053672567285e-05 1.4023053672567285e-05 -0.0 0.0 0.0 0.0 0.0 0.0 0.0 0.0 0.0 0.0 0.0 0.0 0.0 8.6 0.22 0.02 8.6 0.22 0.02 inf 0.0
271 3.334571361541748 -1.717466306672577e-05 0.0 0.0 -1.4023053672567285e-05 1.4023053672567285e-05 -0.0 0.0 0.0 0.0 0.0 0.0 0.0 0.0 0.0 0.0 0.0 0.0 0.0 8.6 0.22 0.02 8.6 0.22 0.02 inf 0.0
272 3.3459360599517822 -1.717466306672577e-05 0.0 0.0 -1.4023053672567285e-05 1.4023053672567285e-05 -0.0 0.0 0.0 0.0 0.0 0.0 0.0 0.0 0.0 0.0 0.0 0.0 0.0 8.6 0.22 0.02 8.6 0.22 0.02 inf 0.0
273 3.361933708190918 -1.717466306672577e-05 0.0 0.0 -1.4023053672567285e-05 1.4023053672567285e-05 -0.0 0.0 0.0 0.0 0.0 0.0 0.0 0.0 0.0 0.0 0.0 0.0 0.0 8.6 0.22 0.02 8.6 0.22 0.02 inf 0.0
274 3.3740665912628174 -1.717466306672577e-05 0.0 0.0 -1.4023053672567285e-05 1.4023053672567285e-05 -0.0 0.0 0.0 0.0 0.0 0.0 0.0 0.0 0.0 0.0 0.0 0.0 0.0 8.6 0.22 0.02 8.6 0.22 0.02 inf 0.0
275 3.3859691619873047 -1.717466306672577e-05 0.0 0.0 -1.4023053672567285e-05 1.4023053672567285e-05 -0.0 0.0 0.0 0.0 0.0 0.0 0.0 0.0 0.0 0.0 0.0 0.0 0.0 8.6 0.22 0.02 8.6 0.22 0.02 inf 0.0
276 3.3982577323913574 -1.717466306672577e-05 0.0 0.0 -1.4023053672567285e-05 1.4023053672567285e-05 -0.0 0.0 0.0 0.0 0.0 0.0 0.0 0.0 0.0 0.0 0.0 0.0 0.0 8.6 0.22 0.02 8.6 0.22 0.02 inf 0.0
277 3.4099948406219482 -1.717466306672577e-05 0.0 0.0 -1.4023053672567285e-05 1.4023053672567285e-05 -0.0 0.0 0.0 0.0 0.0 0.0 0.0 0.0 0.0 0.0 0.0 0.0 0.0 8.6 0.22 0.02 8.6 0.22 0.02 inf 0.0
278 3.421689987182617 -1.717466306672577e-05 0.0 0.0 -1.4023053672567285e-05 1.4023053672567285e-05 -0.0 0.0 0.0 0.0 0.0 0.0 0.0 0.0 0.0 0.0 0.0 0.0 0.0 8.6 0.22 0.02 8.6 0.22 0.02 inf 0.0
279 3.433107376098633 -1.717466306672577e-05 0.0 0.0 -1.4023053672567285e-05 1.4023053672567285e-05 -0.0 0.0 0.0 0.0 0.0 0.0 0.0 0.0 0.0 0.0 0.0 0.0 0.0 8.6 0.22 0.02 8.6 0.22 0.02 inf 0.0
280 3.4449174404144287 -1.717466306672577e-05 0.0 0.0 -1.4023053672567285e-05 1.4023053672567285e-05 -0.0 0.0 0.0 0.0 0.0 0.0 0.0 0.0 0.0 0.0 0.0 0.0 0.0 8.6 0.22 0.02 8.6 0.22 0.02 inf 0.0
281 3.4565353393554688 -1.717466306672577e-05 0.0 0.0 -1.4023053672567285e-05 1.4023053672567285e-05 -0.0 0.0 0.0 0.0 0.0 0.0 0.0 0.0 0.0 0.0 0.0 0.0 0.0 8.6 0.22 0.02 8.6 0.22 0.02 inf 0.0
282 3.4682157039642334 -1.717466306672577e-05 0.0 0.0 -1.4023053672567285e-05 1.4023053672567285e-05 -0.0 0.0 0.0 0.0 0.0 0.0 0.0 0.0 0.0 0.0 0.0 0.0 0.0 8.6 0.22 0.02 8.6 0.22 0.02 inf 0.0
283 3.479825496673584 -1.717466306672577e-05 0.0 0.0 -1.4023053672567285e-05 1.4023053672567285e-05 -0.0 0.0 0.0 0.0 0.0 0.0 0.0 0.0 0.0 0.0 0.0 0.0 0.0 8.6 0.22 0.02 8.6 0.22 0.02 inf 0.0
284 3.4912140369415283 -1.717466306672577e-05 0.0 0.0 -1.4023053672567285e-05 1.4023053672567285e-05 -0.0 0.0 0.0 0.0 0.0 0.0 0.0 0.0 0.0 0.0 0.0 0.0 0.0 8.6 0.22 0.02 8.6 0.22 0.02 inf 0.0
285 3.5026051998138428 -1.717466306672577e-05 0.0 0.0 -1.4023053672567285e-05 1.4023053672567285e-05 -0.0 0.0 0.0 0.0 0.0 0.0 0.0 0.0 0.0 0.0 0.0 0.0 0.0 8.6 0.22 0.02 8.6 0.22 0.02 inf 0.0
286 3.514108896255493 -1.717466306672577e-05 0.0 0.0 -1.4023053672567285e-05 1.4023053672567285e-05 -0.0 0.0 0.0 0.0 0.0 0.0 0.0 0.0 0.0 0.0 0.0 0.0 0.0 8.6 0.22 0.02 8.6 0.22 0.02 inf 0.0
287 3.5256354808807373 -1.717466306672577e-05 0.0 0.0 -1.4023053672567285e-05 1.4023053672567285e-05 -0.0 0.0 0.0 0.0 0.0 0.0 0.0 0.0 0.0 0.0 0.0 0.0 0.0 8.6 0.22 0.02 8.6 0.22 0.02 inf 0.0
288 3.537041664123535 -1.717466306672577e-05 0.0 0.0 -1.4023053672567285e-05 1.4023053672567285e-05 -0.0 0.0 0.0 0.0 0.0 0.0 0.0 0.0 0.0 0.0 0.0 0.0 0.0 8.6 0.22 0.02 8.6 0.22 0.02 inf 0.0
289 3.5484235286712646 -1.717466306672577e-05 0.0 0.0 -1.4023053672567285e-05 1.4023053672567285e-05 -0.0 0.0 0.0 0.0 0.0 0.0 0.0 0.0 0.0 0.0 0.0 0.0 0.0 8.6 0.22 0.02 8.6 0.22 0.02 inf 0.0
290 3.5597774982452393 -1.717466306672577e-05 0.0 0.0 -1.4023053672567285e-05 1.4023053672567285e-05 -0.0 0.0 0.0 0.0 0.0 0.0 0.0 0.0 0.0 0.0 0.0 0.0 0.0 8.6 0.22 0.02 8.6 0.22 0.02 inf 0.0
291 3.571171760559082 -1.717466306672577e-05 0.0 0.0 -1.4023053672567285e-05 1.4023053672567285e-05 -0.0 0.0 0.0 0.0 0.0 0.0 0.0 0.0 0.0 0.0 0.0 0.0 0.0 8.6 0.22 0.02 8.6 0.22 0.02 inf 0.0
292 3.5825235843658447 -1.717466306672577e-05 0.0 0.0 -1.4023053672567285e-05 1.4023053672567285e-05 -0.0 0.0 0.0 0.0 0.0 0.0 0.0 0.0 0.0 0.0 0.0 0.0 0.0 8.6 0.22 0.02 8.6 0.22 0.02 inf 0.0
293 3.594233274459839 -1.717466306672577e-05 0.0 0.0 -1.4023053672567285e-05 1.4023053672567285e-05 -0.0 0.0 0.0 0.0 0.0 0.0 0.0 0.0 0.0 0.0 0.0 0.0 0.0 8.6 0.22 0.02 8.6 0.22 0.02 inf 0.0
294 3.6056292057037354 -1.717466306672577e-05 0.0 0.0 -1.4023053672567285e-05 1.4023053672567285e-05 -0.0 0.0 0.0 0.0 0.0 0.0 0.0 0.0 0.0 0.0 0.0 0.0 0.0 8.6 0.22 0.02 8.6 0.22 0.02 inf 0.0
295 3.6174159049987793 -1.717466306672577e-05 0.0 0.0 -1.4023053672567285e-05 1.4023053672567285e-05 -0.0 0.0 0.0 0.0 0.0 0.0 0.0 0.0 0.0 0.0 0.0 0.0 0.0 8.6 0.22 0.02 8.6 0.22 0.02 inf 0.0
296 3.6287577152252197 -1.717466306672577e-05 0.0 0.0 -1.4023053672567285e-05 1.4023053672567285e-05 -0.0 0.0 0.0 0.0 0.0 0.0 0.0 0.0 0.0 0.0 0.0 0.0 0.0 8.6 0.22 0.02 8.6 0.22 0.02 inf 0.0
297 3.640106201171875 -1.717466306672577e-05 0.0 0.0 -1.4023053672567285e-05 1.4023053672567285e-05 -0.0 0.0 0.0 0.0 0.0 0.0 0.0 0.0 0.0 0.0 0.0 0.0 0.0 8.6 0.22 0.02 8.6 0.22 0.02 inf 0.0
298 3.651477098464966 -1.717466306672577e-05 0.0 0.0 -1.4023053672567285e-05 1.4023053672567285e-05 -0.0 0.0 0.0 0.0 0.0 0.0 0.0 0.0 0.0 0.0 0.0 0.0 0.0 8.6 0.22 0.02 8.6 0.22 0.02 inf 0.0
299 3.6630167961120605 -1.717466306672577e-05 0.0 0.0 -1.4023053672567285e-05 1.4023053672567285e-05 -0.0 0.0 0.0 0.0 0.0 0.0 0.0 0.0 0.0 0.0 0.0 0.0 0.0 8.6 0.22 0.02 8.6 0.22 0.02 inf 0.0
300 3.674346685409546 -1.717466306672577e-05 0.0 0.0 -1.4023053672567285e-05 1.4023053672567285e-05 -0.0 0.0 0.0 0.0 0.0 0.0 0.0 0.0 0.0 0.0 0.0 0.0 0.0 8.6 0.22 0.02 8.6 0.22 0.02 inf 0.0
301 3.685654878616333 -1.717466306672577e-05 0.0 0.0 -1.4023053672567285e-05 1.4023053672567285e-05 -0.0 0.0 0.0 0.0 0.0 0.0 0.0 0.0 0.0 0.0 0.0 0.0 0.0 8.6 0.22 0.02 8.6 0.22 0.02 inf 0.0
302 3.697061538696289 -1.717466306672577e-05 0.0 0.0 -1.4023053672567285e-05 1.4023053672567285e-05 -0.0 0.0 0.0 0.0 0.0 0.0 0.0 0.0 0.0 0.0 0.0 0.0 0.0 8.6 0.22 0.02 8.6 0.22 0.02 inf 0.0
303 3.708569288253784 -1.717466306672577e-05 0.0 0.0 -1.4023053672567285e-05 1.4023053672567285e-05 -0.0 0.0 0.0 0.0 0.0 0.0 0.0 0.0 0.0 0.0 0.0 0.0 0.0 8.6 0.22 0.02 8.6 0.22 0.02 inf 0.0
304 3.7198657989501953 -1.717466306672577e-05 0.0 0.0 -1.4023053672567285e-05 1.4023053672567285e-05 -0.0 0.0 0.0 0.0 0.0 0.0 0.0 0.0 0.0 0.0 0.0 0.0 0.0 8.6 0.22 0.02 8.6 0.22 0.02 inf 0.0
305 3.731205463409424 -1.717466306672577e-05 0.0 0.0 -1.4023053672567285e-05 1.4023053672567285e-05 -0.0 0.0 0.0 0.0 0.0 0.0 0.0 0.0 0.0 0.0 0.0 0.0 0.0 8.6 0.22 0.02 8.6 0.22 0.02 inf 0.0
306 3.7425410747528076 -1.717466306672577e-05 0.0 0.0 -1.4023053672567285e-05 1.4023053672567285e-05 -0.0 0.0 0.0 0.0 0.0 0.0 0.0 0.0 0.0 0.0 0.0 0.0 0.0 8.6 0.22 0.02 8.6 0.22 0.02 inf 0.0
307 3.7538838386535645 -1.717466306672577e-05 0.0 0.0 -1.4023053672567285e-05 1.4023053672567285e-05 -0.0 0.0 0.0 0.0 0.0 0.0 0.0 0.0 0.0 0.0 0.0 0.0 0.0 8.6 0.22 0.02 8.6 0.22 0.02 inf 0.0
308 3.7651796340942383 -1.717466306672577e-05 0.0 0.0 -1.4023053672567285e-05 1.4023053672567285e-05 -0.0 0.0 0.0 0.0 0.0 0.0 0.0 0.0 0.0 0.0 0.0 0.0 0.0 8.6 0.22 0.02 8.6 0.22 0.02 inf 0.0
309 3.7765090465545654 -1.717466306672577e-05 0.0 0.0 -1.4023053672567285e-05 1.4023053672567285e-05 -0.0 0.0 0.0 0.0 0.0 0.0 0.0 0.0 0.0 0.0 0.0 0.0 0.0 8.6 0.22 0.02 8.6 0.22 0.02 inf 0.0
310 3.7878639698028564 -1.717466306672577e-05 0.0 0.0 -1.4023053672567285e-05 1.4023053672567285e-05 -0.0 0.0 0.0 0.0 0.0 0.0 0.0 0.0 0.0 0.0 0.0 0.0 0.0 8.6 0.22 0.02 8.6 0.22 0.02 inf 0.0
311 3.799592971801758 -1.717466306672577e-05 0.0 0.0 -1.4023053672567285e-05 1.4023053672567285e-05 -0.0 0.0 0.0 0.0 0.0 0.0 0.0 0.0 0.0 0.0 0.0 0.0 0.0 8.6 0.22 0.02 8.6 0.22 0.02 inf 0.0
312 3.8109054565429688 -1.717466306672577e-05 0.0 0.0 -1.4023053672567285e-05 1.4023053672567285e-05 -0.0 0.0 0.0 0.0 0.0 0.0 0.0 0.0 0.0 0.0 0.0 0.0 0.0 8.6 0.22 0.02 8.6 0.22 0.02 inf 0.0
313 3.8222148418426514 -1.717466306672577e-05 0.0 0.0 -1.4023053672567285e-05 1.4023053672567285e-05 -0.0 0.0 0.0 0.0 0.0 0.0 0.0 0.0 0.0 0.0 0.0 0.0 0.0 8.6 0.22 0.02 8.6 0.22 0.02 inf 0.0
314 3.8335671424865723 -1.717466306672577e-05 0.0 0.0 -1.4023053672567285e-05 1.4023053672567285e-05 -0.0 0.0 0.0 0.0 0.0 0.0 0.0 0.0 0.0 0.0 0.0 0.0 0.0 8.6 0.22 0.02 8.6 0.22 0.02 inf 0.0
315 3.845156192779541 -1.717466306672577e-05 0.0 0.0 -1.4023053672567285e-05 1.4023053672567285e-05 -0.0 0.0 0.0 0.0 0.0 0.0 0.0 0.0 0.0 0.0 0.0 0.0 0.0 8.6 0.22 0.02 8.6 0.22 0.02 inf 0.0
316 3.8564987182617188 -1.717466306672577e-05 0.0 0.0 -1.4023053672567285e-05 1.4023053672567285e-05 -0.0 0.0 0.0 0.0 0.0 0.0 0.0 0.0 0.0 0.0 0.0 0.0 0.0 8.6 0.22 0.02 8.6 0.22 0.02 inf 0.0
317 3.8678078651428223 -1.717466306672577e-05 0.0 0.0 -1.4023053672567285e-05 1.4023053672567285e-05 -0.0 0.0 0.0 0.0 0.0 0.0 0.0 0.0 0.0 0.0 0.0 0.0 0.0 8.6 0.22 0.02 8.6 0.22 0.02 inf 0.0
318 3.879220724105835 -1.717466306672577e-05 0.0 0.0 -1.4023053672567285e-05 1.4023053672567285e-05 -0.0 0.0 0.0 0.0 0.0 0.0 0.0 0.0 0.0 0.0 0.0 0.0 0.0 8.6 0.22 0.02 8.6 0.22 0.02 inf 0.0
319 3.890674114227295 -1.717466306672577e-05 0.0 0.0 -1.4023053672567285e-05 1.4023053672567285e-05 -0.0 0.0 0.0 0.0 0.0 0.0 0.0 0.0 0.0 0.0 0.0 0.0 0.0 8.6 0.22 0.02 8.6 0.22 0.02 inf 0.0
320 3.9019882678985596 -1.717466306672577e-05 0.0 0.0 -1.4023053672567285e-05 1.4023053672567285e-05 -0.0 0.0 0.0 0.0 0.0 0.0 0.0 0.0 0.0 0.0 0.0 0.0 0.0 8.6 0.22 0.02 8.6 0.22 0.02 inf 0.0
321 3.91330885887146 -1.717466306672577e-05 0.0 0.0 -1.4023053672567285e-05 1.4023053672567285e-05 -0.0 0.0 0.0 0.0 0.0 0.0 0.0 0.0 0.0 0.0 0.0 0.0 0.0 8.6 0.22 0.02 8.6 0.22 0.02 inf 0.0
322 3.9247095584869385 -1.717466306672577e-05 0.0 0.0 -1.4023053672567285e-05 1.4023053672567285e-05 -0.0 0.0 0.0 0.0 0.0 0.0 0.0 0.0 0.0 0.0 0.0 0.0 0.0 8.6 0.22 0.02 8.6 0.22 0.02 inf 0.0
323 3.9360756874084473 -1.717466306672577e-05 0.0 0.0 -1.4023053672567285e-05 1.4023053672567285e-05 -0.0 0.0 0.0 0.0 0.0 0.0 0.0 0.0 0.0 0.0 0.0 0.0 0.0 8.6 0.22 0.02 8.6 0.22 0.02 inf 0.0
324 3.947434186935425 -1.717466306672577e-05 0.0 0.0 -1.4023053672567285e-05 1.4023053672567285e-05 -0.0 0.0 0.0 0.0 0.0 0.0 0.0 0.0 0.0 0.0 0.0 0.0 0.0 8.6 0.22 0.02 8.6 0.22 0.02 inf 0.0
325 3.958723783493042 -1.717466306672577e-05 0.0 0.0 -1.4023053672567285e-05 1.4023053672567285e-05 -0.0 0.0 0.0 0.0 0.0 0.0 0.0 0.0 0.0 0.0 0.0 0.0 0.0 8.6 0.22 0.02 8.6 0.22 0.02 inf 0.0
326 3.970029592514038 -1.717466306672577e-05 0.0 0.0 -1.4023053672567285e-05 1.4023053672567285e-05 -0.0 0.0 0.0 0.0 0.0 0.0 0.0 0.0 0.0 0.0 0.0 0.0 0.0 8.6 0.22 0.02 8.6 0.22 0.02 inf 0.0
327 3.9815540313720703 -1.717466306672577e-05 0.0 0.0 -1.4023053672567285e-05 1.4023053672567285e-05 -0.0 0.0 0.0 0.0 0.0 0.0 0.0 0.0 0.0 0.0 0.0 0.0 0.0 8.6 0.22 0.02 8.6 0.22 0.02 inf 0.0
328 3.993098258972168 -1.717466306672577e-05 0.0 0.0 -1.4023053672567285e-05 1.4023053672567285e-05 -0.0 0.0 0.0 0.0 0.0 0.0 0.0 0.0 0.0 0.0 0.0 0.0 0.0 8.6 0.22 0.02 8.6 0.22 0.02 inf 0.0
329 4.004516839981079 -1.717466306672577e-05 0.0 0.0 -1.4023053672567285e-05 1.4023053672567285e-05 -0.0 0.0 0.0 0.0 0.0 0.0 0.0 0.0 0.0 0.0 0.0 0.0 0.0 8.6 0.22 0.02 8.6 0.22 0.02 inf 0.0
330 4.015838146209717 -1.717466306672577e-05 0.0 0.0 -1.4023053672567285e-05 1.4023053672567285e-05 -0.0 0.0 0.0 0.0 0.0 0.0 0.0 0.0 0.0 0.0 0.0 0.0 0.0 8.6 0.22 0.02 8.6 0.22 0.02 inf 0.0
331 4.027252674102783 -1.717466306672577e-05 0.0 0.0 -1.4023053672567285e-05 1.4023053672567285e-05 -0.0 0.0 0.0 0.0 0.0 0.0 0.0 0.0 0.0 0.0 0.0 0.0 0.0 8.6 0.22 0.02 8.6 0.22 0.02 inf 0.0
332 4.038686990737915 -1.717466306672577e-05 0.0 0.0 -1.4023053672567285e-05 1.4023053672567285e-05 -0.0 0.0 0.0 0.0 0.0 0.0 0.0 0.0 0.0 0.0 0.0 0.0 0.0 8.6 0.22 0.02 8.6 0.22 0.02 inf 0.0
333 4.049986124038696 -1.717466306672577e-05 0.0 0.0 -1.4023053672567285e-05 1.4023053672567285e-05 -0.0 0.0 0.0 0.0 0.0 0.0 0.0 0.0 0.0 0.0 0.0 0.0 0.0 8.6 0.22 0.02 8.6 0.22 0.02 inf 0.0
334 4.06128454208374 -1.717466306672577e-05 0.0 0.0 -1.4023053672567285e-05 1.4023053672567285e-05 -0.0 0.0 0.0 0.0 0.0 0.0 0.0 0.0 0.0 0.0 0.0 0.0 0.0 8.6 0.22 0.02 8.6 0.22 0.02 inf 0.0
335 4.072654724121094 -1.717466306672577e-05 0.0 0.0 -1.4023053672567285e-05 1.4023053672567285e-05 -0.0 0.0 0.0 0.0 0.0 0.0 0.0 0.0 0.0 0.0 0.0 0.0 0.0 8.6 0.22 0.02 8.6 0.22 0.02 inf 0.0
336 4.084107398986816 -1.717466306672577e-05 0.0 0.0 -1.4023053672567285e-05 1.4023053672567285e-05 -0.0 0.0 0.0 0.0 0.0 0.0 0.0 0.0 0.0 0.0 0.0 0.0 0.0 8.6 0.22 0.02 8.6 0.22 0.02 inf 0.0
337 4.095426797866821 -1.717466306672577e-05 0.0 0.0 -1.4023053672567285e-05 1.4023053672567285e-05 -0.0 0.0 0.0 0.0 0.0 0.0 0.0 0.0 0.0 0.0 0.0 0.0 0.0 8.6 0.22 0.02 8.6 0.22 0.02 inf 0.0
338 4.106747150421143 -1.717466306672577e-05 0.0 0.0 -1.4023053672567285e-05 1.4023053672567285e-05 -0.0 0.0 0.0 0.0 0.0 0.0 0.0 0.0 0.0 0.0 0.0 0.0 0.0 8.6 0.22 0.02 8.6 0.22 0.02 inf 0.0
339 4.11818265914917 -1.717466306672577e-05 0.0 0.0 -1.4023053672567285e-05 1.4023053672567285e-05 -0.0 0.0 0.0 0.0 0.0 0.0 0.0 0.0 0.0 0.0 0.0 0.0 0.0 8.6 0.22 0.02 8.6 0.22 0.02 inf 0.0
340 4.1294941902160645 -1.717466306672577e-05 0.0 0.0 -1.4023053672567285e-05 1.4023053672567285e-05 -0.0 0.0 0.0 0.0 0.0 0.0 0.0 0.0 0.0 0.0 0.0 0.0 0.0 8.6 0.22 0.02 8.6 0.22 0.02 inf 0.0
341 4.1408326625823975 -1.717466306672577e-05 0.0 0.0 -1.4023053672567285e-05 1.4023053672567285e-05 -0.0 0.0 0.0 0.0 0.0 0.0 0.0 0.0 0.0 0.0 0.0 0.0 0.0 8.6 0.22 0.02 8.6 0.22 0.02 inf 0.0
342 4.152209520339966 -1.717466306672577e-05 0.0 0.0 -1.4023053672567285e-05 1.4023053672567285e-05 -0.0 0.0 0.0 0.0 0.0 0.0 0.0 0.0 0.0 0.0 0.0 0.0 0.0 8.6 0.22 0.02 8.6 0.22 0.02 inf 0.0
343 4.163872957229614 -1.717466306672577e-05 0.0 0.0 -1.4023053672567285e-05 1.4023053672567285e-05 -0.0 0.0 0.0 0.0 0.0 0.0 0.0 0.0 0.0 0.0 0.0 0.0 0.0 8.6 0.22 0.02 8.6 0.22 0.02 inf 0.0
344 4.17533802986145 -1.717466306672577e-05 0.0 0.0 -1.4023053672567285e-05 1.4023053672567285e-05 -0.0 0.0 0.0 0.0 0.0 0.0 0.0 0.0 0.0 0.0 0.0 0.0 0.0 8.6 0.22 0.02 8.6 0.22 0.02 inf 0.0
345 4.186625719070435 -1.717466306672577e-05 0.0 0.0 -1.4023053672567285e-05 1.4023053672567285e-05 -0.0 0.0 0.0 0.0 0.0 0.0 0.0 0.0 0.0 0.0 0.0 0.0 0.0 8.6 0.22 0.02 8.6 0.22 0.02 inf 0.0
346 4.197980642318726 -1.717466306672577e-05 0.0 0.0 -1.4023053672567285e-05 1.4023053672567285e-05 -0.0 0.0 0.0 0.0 0.0 0.0 0.0 0.0 0.0 0.0 0.0 0.0 0.0 8.6 0.22 0.02 8.6 0.22 0.02 inf 0.0
347 4.209637880325317 -1.717466306672577e-05 0.0 0.0 -1.4023053672567285e-05 1.4023053672567285e-05 -0.0 0.0 0.0 0.0 0.0 0.0 0.0 0.0 0.0 0.0 0.0 0.0 0.0 8.6 0.22 0.02 8.6 0.22 0.02 inf 0.0
348 4.221346139907837 -1.717466306672577e-05 0.0 0.0 -1.4023053672567285e-05 1.4023053672567285e-05 -0.0 0.0 0.0 0.0 0.0 0.0 0.0 0.0 0.0 0.0 0.0 0.0 0.0 8.6 0.22 0.02 8.6 0.22 0.02 inf 0.0
349 4.232772350311279 -1.717466306672577e-05 0.0 0.0 -1.4023053672567285e-05 1.4023053672567285e-05 -0.0 0.0 0.0 0.0 0.0 0.0 0.0 0.0 0.0 0.0 0.0 0.0 0.0 8.6 0.22 0.02 8.6 0.22 0.02 inf 0.0
350 4.244201898574829 -1.717466306672577e-05 0.0 0.0 -1.4023053672567285e-05 1.4023053672567285e-05 -0.0 0.0 0.0 0.0 0.0 0.0 0.0 0.0 0.0 0.0 0.0 0.0 0.0 8.6 0.22 0.02 8.6 0.22 0.02 inf 0.0
351 4.255806922912598 -1.717466306672577e-05 0.0 0.0 -1.4023053672567285e-05 1.4023053672567285e-05 -0.0 0.0 0.0 0.0 0.0 0.0 0.0 0.0 0.0 0.0 0.0 0.0 0.0 8.6 0.22 0.02 8.6 0.22 0.02 inf 0.0
352 4.267092943191528 -1.717466306672577e-05 0.0 0.0 -1.4023053672567285e-05 1.4023053672567285e-05 -0.0 0.0 0.0 0.0 0.0 0.0 0.0 0.0 0.0 0.0 0.0 0.0 0.0 8.6 0.22 0.02 8.6 0.22 0.02 inf 0.0
353 4.278441429138184 -1.717466306672577e-05 0.0 0.0 -1.4023053672567285e-05 1.4023053672567285e-05 -0.0 0.0 0.0 0.0 0.0 0.0 0.0 0.0 0.0 0.0 0.0 0.0 0.0 8.6 0.22 0.02 8.6 0.22 0.02 inf 0.0
354 4.289834976196289 -1.717466306672577e-05 0.0 0.0 -1.4023053672567285e-05 1.4023053672567285e-05 -0.0 0.0 0.0 0.0 0.0 0.0 0.0 0.0 0.0 0.0 0.0 0.0 0.0 8.6 0.22 0.02 8.6 0.22 0.02 inf 0.0
355 4.301309823989868 -1.717466306672577e-05 0.0 0.0 -1.4023053672567285e-05 1.4023053672567285e-05 -0.0 0.0 0.0 0.0 0.0 0.0 0.0 0.0 0.0 0.0 0.0 0.0 0.0 8.6 0.22 0.02 8.6 0.22 0.02 inf 0.0
356 4.3126678466796875 -1.717466306672577e-05 0.0 0.0 -1.4023053672567285e-05 1.4023053672567285e-05 -0.0 0.0 0.0 0.0 0.0 0.0 0.0 0.0 0.0 0.0 0.0 0.0 0.0 8.6 0.22 0.02 8.6 0.22 0.02 inf 0.0
357 4.324024200439453 -1.717466306672577e-05 0.0 0.0 -1.4023053672567285e-05 1.4023053672567285e-05 -0.0 0.0 0.0 0.0 0.0 0.0 0.0 0.0 0.0 0.0 0.0 0.0 0.0 8.6 0.22 0.02 8.6 0.22 0.02 inf 0.0
358 4.335822820663452 -1.717466306672577e-05 0.0 0.0 -1.4023053672567285e-05 1.4023053672567285e-05 -0.0 0.0 0.0 0.0 0.0 0.0 0.0 0.0 0.0 0.0 0.0 0.0 0.0 8.6 0.22 0.02 8.6 0.22 0.02 inf 0.0
359 4.347566366195679 -1.717466306672577e-05 0.0 0.0 -1.4023053672567285e-05 1.4023053672567285e-05 -0.0 0.0 0.0 0.0 0.0 0.0 0.0 0.0 0.0 0.0 0.0 0.0 0.0 8.6 0.22 0.02 8.6 0.22 0.02 inf 0.0
360 4.358997344970703 -1.717466306672577e-05 0.0 0.0 -1.4023053672567285e-05 1.4023053672567285e-05 -0.0 0.0 0.0 0.0 0.0 0.0 0.0 0.0 0.0 0.0 0.0 0.0 0.0 8.6 0.22 0.02 8.6 0.22 0.02 inf 0.0
361 4.37045955657959 -1.717466306672577e-05 0.0 0.0 -1.4023053672567285e-05 1.4023053672567285e-05 -0.0 0.0 0.0 0.0 0.0 0.0 0.0 0.0 0.0 0.0 0.0 0.0 0.0 8.6 0.22 0.02 8.6 0.22 0.02 inf 0.0
362 4.382200717926025 -1.717466306672577e-05 0.0 0.0 -1.4023053672567285e-05 1.4023053672567285e-05 -0.0 0.0 0.0 0.0 0.0 0.0 0.0 0.0 0.0 0.0 0.0 0.0 0.0 8.6 0.22 0.02 8.6 0.22 0.02 inf 0.0
363 4.393786907196045 -1.717466306672577e-05 0.0 0.0 -1.4023053672567285e-05 1.4023053672567285e-05 -0.0 0.0 0.0 0.0 0.0 0.0 0.0 0.0 0.0 0.0 0.0 0.0 0.0 8.6 0.22 0.02 8.6 0.22 0.02 inf 0.0
364 4.405256748199463 -1.717466306672577e-05 0.0 0.0 -1.4023053672567285e-05 1.4023053672567285e-05 -0.0 0.0 0.0 0.0 0.0 0.0 0.0 0.0 0.0 0.0 0.0 0.0 0.0 8.6 0.22 0.02 8.6 0.22 0.02 inf 0.0
365 4.416663646697998 -1.717466306672577e-05 0.0 0.0 -1.4023053672567285e-05 1.4023053672567285e-05 -0.0 0.0 0.0 0.0 0.0 0.0 0.0 0.0 0.0 0.0 0.0 0.0 0.0 8.6 0.22 0.02 8.6 0.22 0.02 inf 0.0
366 4.428215265274048 -1.717466306672577e-05 0.0 0.0 -1.4023053672567285e-05 1.4023053672567285e-05 -0.0 0.0 0.0 0.0 0.0 0.0 0.0 0.0 0.0 0.0 0.0 0.0 0.0 8.6 0.22 0.02 8.6 0.22 0.02 inf 0.0
367 4.43951153755188 -1.717466306672577e-05 0.0 0.0 -1.4023053672567285e-05 1.4023053672567285e-05 -0.0 0.0 0.0 0.0 0.0 0.0 0.0 0.0 0.0 0.0 0.0 0.0 0.0 8.6 0.22 0.02 8.6 0.22 0.02 inf 0.0
368 4.451029062271118 -1.717466306672577e-05 0.0 0.0 -1.4023053672567285e-05 1.4023053672567285e-05 -0.0 0.0 0.0 0.0 0.0 0.0 0.0 0.0 0.0 0.0 0.0 0.0 0.0 8.6 0.22 0.02 8.6 0.22 0.02 inf 0.0
369 4.462416172027588 -1.717466306672577e-05 0.0 0.0 -1.4023053672567285e-05 1.4023053672567285e-05 -0.0 0.0 0.0 0.0 0.0 0.0 0.0 0.0 0.0 0.0 0.0 0.0 0.0 8.6 0.22 0.02 8.6 0.22 0.02 inf 0.0
370 4.47407865524292 -1.717466306672577e-05 0.0 0.0 -1.4023053672567285e-05 1.4023053672567285e-05 -0.0 0.0 0.0 0.0 0.0 0.0 0.0 0.0 0.0 0.0 0.0 0.0 0.0 8.6 0.22 0.02 8.6 0.22 0.02 inf 0.0
371 4.485386610031128 -1.717466306672577e-05 0.0 0.0 -1.4023053672567285e-05 1.4023053672567285e-05 -0.0 0.0 0.0 0.0 0.0 0.0 0.0 0.0 0.0 0.0 0.0 0.0 0.0 8.6 0.22 0.02 8.6 0.22 0.02 inf 0.0
372 4.496802091598511 -1.717466306672577e-05 0.0 0.0 -1.4023053672567285e-05 1.4023053672567285e-05 -0.0 0.0 0.0 0.0 0.0 0.0 0.0 0.0 0.0 0.0 0.0 0.0 0.0 8.6 0.22 0.02 8.6 0.22 0.02 inf 0.0
373 4.508593559265137 -1.717466306672577e-05 0.0 0.0 -1.4023053672567285e-05 1.4023053672567285e-05 -0.0 0.0 0.0 0.0 0.0 0.0 0.0 0.0 0.0 0.0 0.0 0.0 0.0 8.6 0.22 0.02 8.6 0.22 0.02 inf 0.0
374 4.520101547241211 -1.717466306672577e-05 0.0 0.0 -1.4023053672567285e-05 1.4023053672567285e-05 -0.0 0.0 0.0 0.0 0.0 0.0 0.0 0.0 0.0 0.0 0.0 0.0 0.0 8.6 0.22 0.02 8.6 0.22 0.02 inf 0.0
375 4.531535625457764 -1.717466306672577e-05 0.0 0.0 -1.4023053672567285e-05 1.4023053672567285e-05 -0.0 0.0 0.0 0.0 0.0 0.0 0.0 0.0 0.0 0.0 0.0 0.0 0.0 8.6 0.22 0.02 8.6 0.22 0.02 inf 0.0
376 4.542870283126831 -1.717466306672577e-05 0.0 0.0 -1.4023053672567285e-05 1.4023053672567285e-05 -0.0 0.0 0.0 0.0 0.0 0.0 0.0 0.0 0.0 0.0 0.0 0.0 0.0 8.6 0.22 0.02 8.6 0.22 0.02 inf 0.0
377 4.554535865783691 -1.717466306672577e-05 0.0 0.0 -1.4023053672567285e-05 1.4023053672567285e-05 -0.0 0.0 0.0 0.0 0.0 0.0 0.0 0.0 0.0 0.0 0.0 0.0 0.0 8.6 0.22 0.02 8.6 0.22 0.02 inf 0.0
378 4.566128492355347 -1.717466306672577e-05 0.0 0.0 -1.4023053672567285e-05 1.4023053672567285e-05 -0.0 0.0 0.0 0.0 0.0 0.0 0.0 0.0 0.0 0.0 0.0 0.0 0.0 8.6 0.22 0.02 8.6 0.22 0.02 inf 0.0
379 4.5777459144592285 -1.717466306672577e-05 0.0 0.0 -1.4023053672567285e-05 1.4023053672567285e-05 -0.0 0.0 0.0 0.0 0.0 0.0 0.0 0.0 0.0 0.0 0.0 0.0 0.0 8.6 0.22 0.02 8.6 0.22 0.02 inf 0.0
380 4.589168310165405 -1.717466306672577e-05 0.0 0.0 -1.4023053672567285e-05 1.4023053672567285e-05 -0.0 0.0 0.0 0.0 0.0 0.0 0.0 0.0 0.0 0.0 0.0 0.0 0.0 8.6 0.22 0.02 8.6 0.22 0.02 inf 0.0
381 4.600870847702026 -1.717466306672577e-05 0.0 0.0 -1.4023053672567285e-05 1.4023053672567285e-05 -0.0 0.0 0.0 0.0 0.0 0.0 0.0 0.0 0.0 0.0 0.0 0.0 0.0 8.6 0.22 0.02 8.6 0.22 0.02 inf 0.0
382 4.61269474029541 -1.717466306672577e-05 0.0 0.0 -1.4023053672567285e-05 1.4023053672567285e-05 -0.0 0.0 0.0 0.0 0.0 0.0 0.0 0.0 0.0 0.0 0.0 0.0 0.0 8.6 0.22 0.02 8.6 0.22 0.02 inf 0.0
383 4.624102592468262 -1.717466306672577e-05 0.0 0.0 -1.4023053672567285e-05 1.4023053672567285e-05 -0.0 0.0 0.0 0.0 0.0 0.0 0.0 0.0 0.0 0.0 0.0 0.0 0.0 8.6 0.22 0.02 8.6 0.22 0.02 inf 0.0
384 4.635698318481445 -1.717466306672577e-05 0.0 0.0 -1.4023053672567285e-05 1.4023053672567285e-05 -0.0 0.0 0.0 0.0 0.0 0.0 0.0 0.0 0.0 0.0 0.0 0.0 0.0 8.6 0.22 0.02 8.6 0.22 0.02 inf 0.0
385 4.647047281265259 -1.717466306672577e-05 0.0 0.0 -1.4023053672567285e-05 1.4023053672567285e-05 -0.0 0.0 0.0 0.0 0.0 0.0 0.0 0.0 0.0 0.0 0.0 0.0 0.0 8.6 0.22 0.02 8.6 0.22 0.02 inf 0.0
386 4.658353090286255 -1.717466306672577e-05 0.0 0.0 -1.4023053672567285e-05 1.4023053672567285e-05 -0.0 0.0 0.0 0.0 0.0 0.0 0.0 0.0 0.0 0.0 0.0 0.0 0.0 8.6 0.22 0.02 8.6 0.22 0.02 inf 0.0
387 4.669665575027466 -1.717466306672577e-05 0.0 0.0 -1.4023053672567285e-05 1.4023053672567285e-05 -0.0 0.0 0.0 0.0 0.0 0.0 0.0 0.0 0.0 0.0 0.0 0.0 0.0 8.6 0.22 0.02 8.6 0.22 0.02 inf 0.0
388 4.68117618560791 -1.717466306672577e-05 0.0 0.0 -1.4023053672567285e-05 1.4023053672567285e-05 -0.0 0.0 0.0 0.0 0.0 0.0 0.0 0.0 0.0 0.0 0.0 0.0 0.0 8.6 0.22 0.02 8.6 0.22 0.02 inf 0.0
389 4.692583322525024 -1.717466306672577e-05 0.0 0.0 -1.4023053672567285e-05 1.4023053672567285e-05 -0.0 0.0 0.0 0.0 0.0 0.0 0.0 0.0 0.0 0.0 0.0 0.0 0.0 8.6 0.22 0.02 8.6 0.22 0.02 inf 0.0
390 4.703888416290283 -1.717466306672577e-05 0.0 0.0 -1.4023053672567285e-05 1.4023053672567285e-05 -0.0 0.0 0.0 0.0 0.0 0.0 0.0 0.0 0.0 0.0 0.0 0.0 0.0 8.6 0.22 0.02 8.6 0.22 0.02 inf 0.0
391 4.715203285217285 -1.717466306672577e-05 0.0 0.0 -1.4023053672567285e-05 1.4023053672567285e-05 -0.0 0.0 0.0 0.0 0.0 0.0 0.0 0.0 0.0 0.0 0.0 0.0 0.0 8.6 0.22 0.02 8.6 0.22 0.02 inf 0.0
392 4.726508140563965 -1.717466306672577e-05 0.0 0.0 -1.4023053672567285e-05 1.4023053672567285e-05 -0.0 0.0 0.0 0.0 0.0 0.0 0.0 0.0 0.0 0.0 0.0 0.0 0.0 8.6 0.22 0.02 8.6 0.22 0.02 inf 0.0
393 4.737985372543335 -1.717466306672577e-05 0.0 0.0 -1.4023053672567285e-05 1.4023053672567285e-05 -0.0 0.0 0.0 0.0 0.0 0.0 0.0 0.0 0.0 0.0 0.0 0.0 0.0 8.6 0.22 0.02 8.6 0.22 0.02 inf 0.0
394 4.749297857284546 -1.717466306672577e-05 0.0 0.0 -1.4023053672567285e-05 1.4023053672567285e-05 -0.0 0.0 0.0 0.0 0.0 0.0 0.0 0.0 0.0 0.0 0.0 0.0 0.0 8.6 0.22 0.02 8.6 0.22 0.02 inf 0.0
395 4.760857582092285 -1.717466306672577e-05 0.0 0.0 -1.4023053672567285e-05 1.4023053672567285e-05 -0.0 0.0 0.0 0.0 0.0 0.0 0.0 0.0 0.0 0.0 0.0 0.0 0.0 8.6 0.22 0.02 8.6 0.22 0.02 inf 0.0
396 4.772439479827881 -1.717466306672577e-05 0.0 0.0 -1.4023053672567285e-05 1.4023053672567285e-05 -0.0 0.0 0.0 0.0 0.0 0.0 0.0 0.0 0.0 0.0 0.0 0.0 0.0 8.6 0.22 0.02 8.6 0.22 0.02 inf 0.0
397 4.783751010894775 -1.717466306672577e-05 0.0 0.0 -1.4023053672567285e-05 1.4023053672567285e-05 -0.0 0.0 0.0 0.0 0.0 0.0 0.0 0.0 0.0 0.0 0.0 0.0 0.0 8.6 0.22 0.02 8.6 0.22 0.02 inf 0.0
398 4.795121669769287 -1.717466306672577e-05 0.0 0.0 -1.4023053672567285e-05 1.4023053672567285e-05 -0.0 0.0 0.0 0.0 0.0 0.0 0.0 0.0 0.0 0.0 0.0 0.0 0.0 8.6 0.22 0.02 8.6 0.22 0.02 inf 0.0
399 4.806460618972778 -1.717466306672577e-05 0.0 0.0 -1.4023053672567285e-05 1.4023053672567285e-05 -0.0 0.0 0.0 0.0 0.0 0.0 0.0 0.0 0.0 0.0 0.0 0.0 0.0 8.6 0.22 0.02 8.6 0.22 0.02 inf 0.0
400 4.818045139312744 -1.717466306672577e-05 0.0 0.0 -1.4023053672567285e-05 1.4023053672567285e-05 -0.0 0.0 0.0 0.0 0.0 0.0 0.0 0.0 0.0 0.0 0.0 0.0 0.0 8.6 0.22 0.02 8.6 0.22 0.02 inf 0.0
401 4.82949161529541 -1.717466306672577e-05 0.0 0.0 -1.4023053672567285e-05 1.4023053672567285e-05 -0.0 0.0 0.0 0.0 0.0 0.0 0.0 0.0 0.0 0.0 0.0 0.0 0.0 8.6 0.22 0.02 8.6 0.22 0.02 inf 0.0
402 4.840824842453003 -1.717466306672577e-05 0.0 0.0 -1.4023053672567285e-05 1.4023053672567285e-05 -0.0 0.0 0.0 0.0 0.0 0.0 0.0 0.0 0.0 0.0 0.0 0.0 0.0 8.6 0.22 0.02 8.6 0.22 0.02 inf 0.0
403 4.852260112762451 -1.717466306672577e-05 0.0 0.0 -1.4023053672567285e-05 1.4023053672567285e-05 -0.0 0.0 0.0 0.0 0.0 0.0 0.0 0.0 0.0 0.0 0.0 0.0 0.0 8.6 0.22 0.02 8.6 0.22 0.02 inf 0.0
404 4.863739490509033 -1.717466306672577e-05 0.0 0.0 -1.4023053672567285e-05 1.4023053672567285e-05 -0.0 0.0 0.0 0.0 0.0 0.0 0.0 0.0 0.0 0.0 0.0 0.0 0.0 8.6 0.22 0.02 8.6 0.22 0.02 inf 0.0
405 4.875170946121216 -1.717466306672577e-05 0.0 0.0 -1.4023053672567285e-05 1.4023053672567285e-05 -0.0 0.0 0.0 0.0 0.0 0.0 0.0 0.0 0.0 0.0 0.0 0.0 0.0 8.6 0.22 0.02 8.6 0.22 0.02 inf 0.0
406 4.8864686489105225 -1.717466306672577e-05 0.0 0.0 -1.4023053672567285e-05 1.4023053672567285e-05 -0.0 0.0 0.0 0.0 0.0 0.0 0.0 0.0 0.0 0.0 0.0 0.0 0.0 8.6 0.22 0.02 8.6 0.22 0.02 inf 0.0
